0.0 -0.5 0.5 3.001 5.9
0.10020040080160321 -0.390893444584 1.71925401348 3.5342169135 4.70061077426
0.20040080160320642 -0.149433731865 3.11644464105 3.93670713305 3.31515861484
0.30060120240480964 0.233658590964 4.51383503965 4.19813147934 1.91652693993
0.40080160320641284 0.748911340622 5.7265531691 4.32634345688 0.682125321337
0.501002004008016 1.37051515211 6.61960179187 4.34422173559 -0.274260355785
0.6012024048096193 2.06224043997 7.11693236301 4.28158182298 -0.927477229091
0.7014028056112225 2.78182975408 7.16683331812 4.16718784025 -1.31683779244
0.8016032064128257 3.48140371314 6.70485744537 4.02449704991 -1.50173467243
0.9018036072144289 4.10580608961 5.654851558 3.87149777073 -1.5284148953
1.002004008016032 4.59371741467 3.98267113791 3.7226031066 -1.42318687929
1.1022044088176353 4.88592390741 1.77715891706 3.58994434512 -1.2092474011
1.2024048096192386 4.9403961875 -0.707796550573 3.4825432568 -0.928011239762
1.3026052104208417 4.74683052019 -3.11162778969 3.40415125351 -0.641344310935
1.402805611222445 4.33066051535 -5.1067060116 3.35211301368 -0.410888053085
1.503006012024048 3.74318174016 -6.51678804176 3.31854926345 -0.277247659555
1.6032064128256514 3.04460044906 -7.33418709049 3.29266369292 -0.259879284947
1.7034068136272544 2.29010040883 -7.65215702137 3.2621178602 -0.373146162894
1.8036072144288577 1.52402550553 -7.58197853508 3.21276202434 -0.640133880401
1.9038076152304608 0.780904923284 -7.20389446056 3.12764335998 -1.09229082566
2.004008016032064 0.0891770156115 -6.56135893531 2.98682522963 -1.75423631004
2.1042084168336674 -0.526169104553 -5.6851964389 2.76920245566 -2.62080275752
2.2044088176352705 -1.04397775316 -4.62587681772 2.45649237849 -3.63905794847
2.3046092184368736 -1.44996583677 -3.47071092727 2.03815372456 -4.70985517778
2.404809619238477 -1.74007585037 -2.33216526578 1.51486578721 -5.71453982079
2.50501002004008 -1.92142212694 -1.31462577054 0.898524575639 -6.55420243921
2.6052104208416833 -2.00982296203 -0.483906608197 0.208679130323 -7.17761933795
2.7054108216432864 -2.02532392405 0.140494993838 -0.53255212805 -7.58272595454
2.80561122244489 -1.98818967458 0.569780201252 -1.30448999011 -7.79574128744
2.905811623246493 -1.91708941602 0.820325657502 -2.08932017094 -7.84316662276
3.006012024048096 -1.82973723726 0.892040773892 -2.87093310531 -7.72980049096
3.1062124248496996 -1.74514880829 0.758677826721 -3.63216694114 -7.42959339047
3.2064128256513027 -1.68607840819 0.374520238163 -4.35193155441 -6.89291879099
3.306613226452906 -1.67984833495 -0.300125849791 -5.00398108874 -6.07223559985
3.406813627254509 -1.75581300017 -1.25900991943 -5.55902998564 -4.96130379489
3.5070140280561124 -1.93881237313 -2.41416507935 -5.99073410814 -3.62860329317
3.6072144288577155 -2.24042888313 -3.59211898752 -6.28351258872 -2.21626943164
3.7074148296593186 -2.65210438743 -4.57389819233 -6.43789964579 -0.893026244463
3.8076152304609217 -3.14360033654 -5.15530335897 -6.46987122462 0.211605756729
3.907815631262525 -3.66689530791 -5.19022392548 -6.40459686123 1.04615280634
4.008016032064128 -4.16297958145 -4.60672442165 -6.26864700884 1.6296077891
4.108216432865731 -4.56968477233 -3.41567977232 -6.08458278704 2.01671277019
4.208416833667335 -4.83070009617 -1.72568927101 -5.86906154705 2.26679232666
4.3086172344689375 -4.90579821635 0.25280426713 -5.63318316579 2.43074106861
4.408817635270541 -4.77963666774 2.24367850486 -5.38338399016 2.55125596652
4.509018036072145 -4.46470106892 3.98206459244 -5.1221164008 2.66538990548
4.609218436873747 -3.99611371174 5.2909383002 -4.84839329344 2.80458515252
4.709418837675351 -3.42079026661 6.11223376557 -4.55839736946 2.99379227173
4.809619238476954 -2.78624380844 6.48533099683 -4.24615053204 3.25114702293
4.909819639278557 -2.13307881024 6.50084451116 -3.90422689339 3.58716107175
5.01002004008016 -1.49201073089 6.26023868777 -3.52461533603 4.00256261394
5.110220440881764 -0.884037084149 5.85390875736 -3.09982445328 4.4859698456
5.210420841683367 -0.321968577276 5.35461957317 -2.62413418061 5.01363989569
5.31062124248497 0.187808277739 4.81815869043 -2.0947031108 5.55268395723
5.410821643286573 0.643726476792 4.28518391358 -1.51219486919 6.06721381385
5.511022044088176 1.04758143734 3.78227593499 -0.88072641892 6.52523160081
5.61122244488978 1.40316491469 3.32292754048 -0.207204021829 6.90364756646
5.7114228456913825 1.71504968668 2.90977056488 0.499679622823 7.18983027886
5.811623246492986 1.98768820178 2.53855671115 1.23041981165 7.37963523663
5.9118236472945895 2.22497713379 2.2033543316 1.97534839029 7.47312222909
6.012024048096192 2.43035966867 1.90187777815 2.72480198697 7.46949876258
6.112224448897796 2.60741798024 1.63975284356 3.46880342975 7.36265338182
6.212424849699399 2.7607901126 1.43249680174 4.19637260734 7.1384346713
6.312625250501002 2.89711479837 1.3038771233 4.89470250663 6.7748846069
6.412825651302605 3.02557528148 1.27934889907 5.54856090298 6.24672309754
6.513026052104208 3.15751231885 1.37418091534 6.14038950495 5.53471773212
6.613226452905812 3.30466283164 1.57851981491 6.65152682693 4.63821714163
6.713426853707415 3.47598309969 1.8454002442 7.06464228896 3.5856258333
6.813627254509018 3.67376641577 2.09003303585 7.36681180893 2.43556828045
6.913827655310621 3.89051294924 2.20572899106 7.55204313078 1.26477557677
7.014028056112225 4.10813098526 2.09327767013 7.62207393031 0.147095274228
7.114228456913827 4.30031092588 1.69260251329 7.58506604884 -0.865496057
7.214428857715431 4.43763711978 1.00391431808 7.4529115714 -1.75070810544
7.3146292585170345 4.49393873581 0.0905805377376 7.23838745422 -2.51172914009
7.414829659318637 4.4519504213 -0.937109179332 6.95310136386 -3.16684274813
7.515030060120241 4.30659795496 -1.95167891732 6.60650884907 -3.73926690436
7.615230460921843 4.06505860549 -2.84108842132 6.20579403701 -4.25028015442
7.715430861723447 3.74390745142 -3.5325581142 5.7562648527 -4.71569087433
7.81563126252505 3.36463809371 -4.00066338092 5.26197590214 -5.1446568027
7.915831663326653 2.94915067437 -4.26067372328 4.72638774987 -5.54003553148
8.016032064128256 2.51638229635 -4.35374259796 4.15293540694 -5.8997757824
8.11623246492986 2.08051365556 -4.33126844485 3.54542314546 -6.21891584936
8.216432865731463 1.65058023719 -4.24299950256 2.90821012203 -6.49166469931
8.316633266533065 1.23101826918 -4.13025701502 2.24620652406 -6.71302690582
8.41683366733467 0.822660935773 -4.02352078425 1.5647449889 -6.87963119183
8.517034068136272 0.423822587182 -3.94279944655 0.869410938129 -6.98974768655
8.617234468937875 0.0312720417101 -3.89922647854 0.16590147461 -7.04276805234
8.71743486973948 -0.358963216902 -3.89669796357 -0.540053734057 -7.03855110894
8.817635270541082 -0.7509273763 -3.93282657499 -1.24271447415 -6.97698716375
8.917835671342685 -1.14811315425 -3.99890672542 -1.93632842182 -6.85797567162
9.01803607214429 -1.55278882581 -4.07899950351 -2.61514781512 -6.68179243034
9.118236472945892 -1.96520916969 -4.14864339937 -3.27349375564 -6.4496246631
9.218436873747494 -2.38271435171 -4.17410948092 -3.9058684786 -6.16392383761
9.318637274549099 -2.79883533521 -4.11351101436 -4.50707840032 -5.82821936848
9.418837675350701 -3.20266267996 -3.92118659099 -5.07230266916 -5.44620553753
9.519038076152304 -3.57886624455 -3.55638021785 -5.59703565758 -5.02018165024
9.619238476953909 -3.90879125397 -2.99577430054 -6.07685532037 -4.54921937416
9.719438877755511 -4.17289248922 -2.24700899812 -6.50701662681 -4.02758516493
9.819639278557114 -4.35435505295 -1.35769920978 -6.88192232556 -3.44397375644
9.919839679358718 -4.44312457055 -0.413755459005 -7.19458152925 -2.78212475835
10.02004008016032 -4.43908128241 0.476122213065 -7.43622729637 -2.02351243266
10.120240480961924 -4.35306557497 1.20672685766 -7.59633955763 -1.15283988264
10.220440881763528 -4.20508557934 1.70458455341 -7.66336497079 -0.166327574439
10.32064128256513 -4.02003622524 1.9477559313 -7.62633110943 0.919319042605
10.420841683366733 -3.82218863867 1.9697795728 -7.47720135676 2.06204402205
10.521042084168336 -3.63017242553 1.84620122939 -7.21328810044 3.19876691099
10.62124248496994 -3.4539891485 1.66890112975 -6.838712423 4.25964955144
10.721442885771543 -3.29478101166 1.51876977771 -6.3641642046 5.18626969707
10.821643286573146 -3.14695311051 1.44751333006 -5.80503264689 5.94458088244
10.92184368737475 -3.0014166048 1.47363019082 -5.17875465225 6.52724763283
11.022044088176353 -2.84860686272 1.59001706881 -4.50242644029 6.94676511135
11.122244488977955 -2.68043190182 1.77654055387 -3.7913403052 7.22487006462
11.22244488977956 -2.49097419007 2.01155313957 -3.05854664363 7.38332254356
11.322645290581162 -2.27623014557 2.27933428623 -2.31516074102 7.43842516105
11.422845691382765 -2.03333448056 2.57306385114 -1.57102080429 7.39934193015
11.52304609218437 -1.75967399275 2.89422156374 -0.835362873338 7.26929530658
11.623246492985972 -1.45219047701 3.24950990621 -0.117274892247 7.0486768865
11.723446893787575 -1.10707742152 3.64634067404 0.574222832958 6.73916855198
11.823647294589179 -0.719960238309 4.08781316576 1.23052036988 6.34791605819
11.923847695390782 -0.286567004192 4.56810951577 1.844131757 5.89052509709
12.024048096192384 0.196197061591 5.06904986823 2.40959278665 5.39161091575
12.124248496993989 0.728889271592 5.55794294407 2.92426253599 4.88218640686
12.224448897795591 1.3080061353 5.98616684027 3.38871533547 4.39440939761
12.324649298597194 1.92431262842 6.2877394012 3.80654644545 3.95543649965
12.424849699398798 2.56105585515 6.3786601205 4.18361290481 3.58268664467
12.525050100200401 3.19229498154 6.16094715218 4.52693709606 3.28194669252
12.625250501002004 3.78215675073 5.53829101403 4.84356454274 3.04818084912
12.725450901803606 4.28649244882 4.4486548444 5.13957472131 2.86745282612
12.82565130260521 4.65849364228 2.90840279491 5.41926727673 2.71831818218
12.925851703406813 4.8584246392 1.04501831226 5.68444368688 2.57244329852
13.026052104208416 4.86474911324 -0.911643279436 5.93374647526 2.39522258453
13.12625250501002 4.68178915935 -2.68820081754 6.16205033912 2.14595414563
13.226452905811623 4.3401079635 -4.04647153888 6.35978428548 1.7762093817
13.326653306613226 3.88994098304 -4.8373266624 6.51208082793 1.2290636632
13.42685370741483 3.39134804749 -5.0131274768 6.5982575955 0.448271439442
13.527054108216433 2.90447223986 -4.61780356823 6.59306032048 -0.595505008811
13.627254509018035 2.48091527363 -3.77632139369 6.47111457923 -1.87013943732
13.72745490981964 2.15625375921 -2.67961485342 6.21416817197 -3.26611816639
13.827655310621243 1.94509324638 -1.54666667796 5.81789040799 -4.62328473563
13.927855711422845 1.84112222557 -0.565976416421 5.29404833743 -5.79144501135
14.02805611222445 1.82278401057 0.151634660866 4.66657905732 -6.68391331572
14.128256513026052 1.86179490141 0.580285842454 3.96420640053 -7.29008802957
14.228456913827655 1.93041109122 0.750068401781 3.21389486891 -7.64943634169
14.32865731462926 2.00502957542 0.707387812627 2.43777114304 -7.8129885027
14.428857715430862 2.06623015276 0.485939686268 1.65354406997 -7.81448835976
14.529058116232465 2.09678990705 0.0954742307629 0.876959359568 -7.658907788
14.629258517034069 2.07941317307 -0.473227577188 0.124567882092 -7.32717528669
14.729458917835672 1.99560691199 -1.23126970972 -0.584653237865 -6.79369119648
14.829659318637274 1.8266238964 -2.16884711636 -1.22986712161 -6.05126208516
14.929859719438877 1.55653967399 -3.23763647471 -1.79141204661 -5.1332697366
15.030060120240481 1.17629170802 -4.35094718886 -2.2553425148 -4.11940983854
15.130260521042084 0.686587434111 -5.40545921739 -2.61734813034 -3.11740486012
15.230460921843687 0.0980272728693 -6.31161170528 -2.88390772287 -2.2289228447
15.330661322645291 -0.571322867962 -7.01077690795 -3.0700726086 -1.5198651615
15.430861723446894 -1.29882847741 -7.46700018641 -3.1952083272 -1.01076577782
15.531062124248496 -2.05829535995 -7.64006953904 -3.27885830597 -0.687655057884
15.6312625250501 -2.81812767155 -7.45921657389 -3.33827997297 -0.522324238417
15.731462925851703 -3.53778931198 -6.81892425351 -3.38794468905 -0.489433859183
15.831663326653306 -4.16568868979 -5.61345267302 -3.44021632409 -0.571943017294
15.93186372745491 -4.64258733063 -3.81019999531 -3.50585787542 -0.752559636698
16.03206412825651 -4.91302887502 -1.52712004183 -3.59324034271 -0.998559982871
16.132264529058116 -4.94197001247 0.952305335631 -3.70636958042 -1.25625372022
16.23246492985972 -4.7277707587 3.26688746634 -3.84334499667 -1.46511202097
16.33266533066132 -4.30292171364 5.11883065747 -3.99677460047 -1.57873680742
16.432865731462925 -3.72240399969 6.36342643621 -4.15560373098 -1.5690165741
16.53306613226453 -3.04817360263 6.99680919796 -4.30621330151 -1.40912183941
16.63326653306613 -2.33851790348 7.08279542049 -4.43152442047 -1.05491408286
16.733466933867735 -1.64476991946 6.68935992667 -4.5091161689 -0.446499233088
16.83366733466934 -1.0120842067 5.87376937766 -4.51088646844 0.462829941491
16.93386773547094 -0.479301577512 4.71167531184 -4.40658011814 1.66195828399
17.034068136272545 -0.075151651265 3.33332173824 -4.17138189099 3.05145847474
17.13426853707415 0.187608943191 1.92248435277 -3.79443404806 4.45954527057
17.23446893787575 0.31531673525 0.665107562128 -3.28315571633 5.70610388834
17.334669338677354 0.330256242985 -0.315279049038 -2.66038677665 6.67261893587
17.43486973947896 0.262588803981 -0.985010640077 -1.95636650187 7.32978000815
17.53507014028056 0.142129665193 -1.37785704019 -1.20062234491 7.71422697296
17.635270541082164 -0.00614712279508 -1.54880095813 -0.417628829882 7.88237687526
17.73547094188377 -0.162094459672 -1.5340220927 0.3730626121 7.87099308535
17.83567134268537 -0.307312949591 -1.33068160605 1.15368275981 7.67736884932
17.935871743486974 -0.421140171 -0.898526455767 1.90418714709 7.26080738303
18.03607214428858 -0.477890912656 -0.183221717526 2.59941091023 6.56534302506
18.13627254509018 -0.447433603654 0.841655944473 3.20949136757 5.56110174263
18.236472945891784 -0.300314430341 2.13005733689 3.70481088845 4.28910228851
18.336673346693388 -0.0161912787025 3.54757924785 4.06433740646 2.87853673798
18.43687374749499 0.408648659217 4.90650931609 4.28316346047 1.51194893534
18.537074148296593 0.959209019925 6.03205433848 4.37437481269 0.353383690676
18.637274549098198 1.60572618927 6.80763369749 4.36393351623 -0.510267371098
18.7374749498998 2.30958594669 7.16802536894 4.28206680116 -1.07776941189
18.837675350701403 3.02656453297 7.0594106576 4.15616702159 -1.39937124634
18.937875751503007 3.70628286895 6.41125231464 4.00788378595 -1.53307042061
19.03807615230461 4.29097995062 5.15438109444 3.85386048322 -1.51876470275
19.138276553106213 4.71870455917 3.28820113748 3.70768827679 -1.37986986862
19.238476953907817 4.93420244718 0.956631403472 3.58060151896 -1.14395101438
19.338677354709418 4.90484294859 -1.53932993867 3.48006999645 -0.85980772349
19.438877755511022 4.63253559574 -3.83415740896 3.40776120366 -0.591336739672
19.539078156312627 4.15292926456 -5.64246485162 3.35915520422 -0.39415492983
19.639278557114228 3.52210049678 -6.84774494719 3.32528750332 -0.300712820321
19.739478957915832 2.79967575917 -7.48531391705 3.29489403945 -0.327026142741
19.839679358717436 2.03741151257 -7.66230722764 3.2552138283 -0.489590358736
19.939879759519037 1.27599461716 -7.48306912696 3.1913503085 -0.814912376105
20.04008016032064 0.547406007242 -7.01505008591 3.08542363728 -1.33382764343
20.140280561122246 -0.121404759593 -6.29477961339 2.91698805754 -2.06293515464
20.240480961923847 -0.706768284452 -5.35678515547 2.66560204963 -2.98216439064
20.34068136272545 -1.18965178595 -4.26269445284 2.31527473538 -4.0223003632
20.440881763527056 -1.55901824936 -3.10937520194 1.85909883564 -5.07509134591
20.541082164328657 -1.81455524908 -2.0087355433 1.30166762874 -6.02582448871
20.64128256513026 -1.96647296019 -1.05334028131 0.657787181786 -6.79067005383
20.741482965931862 -2.03219910444 -0.292666526475 -0.0518113349603 -7.33617543748
20.841683366733466 -2.03189346113 0.266078328419 -0.805370121158 -7.67219524127
20.94188376753507 -1.98511772791 0.637846488578 -1.58329545994 -7.82737879655
21.04208416833667 -1.90988371071 0.834762079572 -2.36866629562 -7.82245954055
21.142284569138276 -1.82393223276 0.84807716969 -3.14543609872 -7.65220134523
21.24248496993988 -1.74718838969 0.643510228044 -3.8954936375 -7.28129446489
21.34268537074148 -1.70384511473 0.173834621427 -4.59614944937 -6.65738802049
21.442885771543086 -1.72224898459 -0.590149864242 -5.21984181896 -5.74198107124
21.54308617234469 -1.83104676263 -1.6185724199 -5.73752585351 -4.55030766389
21.64328657314629 -2.05162455338 -2.7943150853 -6.12556471089 -3.17641989044
21.743486973947896 -2.38950672209 -3.92353549875 -6.37322299478 -1.77699021773
21.8436873747495 -2.82895366587 -4.78595503776 -6.48629941311 -0.513975802501
21.9438877755511 -3.33332955953 -5.19300578519 -6.48441791026 0.506576979859
22.044088176352705 -3.85024486022 -5.02205523339 -6.39382536981 1.25842305582
22.14428857715431 -4.31884643873 -4.22805198589 -6.24008770553 1.77573633003
22.24448897795591 -4.67806541644 -2.85416802921 -6.04384331065 2.1169663854
22.344689378757515 -4.87619072211 -1.04550971151 -5.8198101683 2.33916185193
22.44488977955912 -4.88100035108 0.958806086528 -5.57744042517 2.49025141237
22.54509018036072 -4.686927664 2.87825682391 -5.32177349947 2.61087885694
22.645290581162325 -4.31516704856 4.47294182019 -5.05405534458 2.73618155073
22.74549098196393 -3.80605578662 5.60734600615 -4.77230344654 2.89530249935
22.84569138276553 -3.20758227638 6.26155549832 -4.47194685304 3.11070550617
22.945891783567134 -2.5652384033 6.49763488696 -4.14651213109 3.39779412235
23.04609218436874 -1.9161536072 6.41325162687 -3.78838511089 3.76359686887
23.14629258517034 -1.2873942005 6.10748639777 -3.389764879 4.20440594117
23.246492985971944 -0.696755750851 5.66495921496 -2.9438384962 4.70411058276
23.34669338677355 -0.154450616375 5.15245048907 -2.4459985886 5.23527342616
23.44689378757515 0.335156925934 4.62020878643 -1.89477971228 5.76360778224
23.547094188376754 0.771977920763 4.10351593248 -1.29222128074 6.2545971413
23.647294589178358 1.15874956068 3.6236595086 -0.643562231158 6.6797817844
23.74749498997996 1.49969621452 3.18938693382 0.0435781145571 7.02044335137
23.847695390781563 1.79940641522 2.79987443377 0.760212213271 7.26769014662
23.947895791583168 2.06209177623 2.44927442621 1.49683872902 7.41949035068
24.04809619238477 2.29134953097 2.13201837584 2.24390614105 7.47605497362
24.148296593186373 2.49044375149 1.84780932353 2.99179330737 7.43502094777
24.248496993987978 2.6630286095 1.6051397629 3.73034687515 7.28762522857
24.34869739478958 2.81409999468 1.42212282545 4.44813038084 7.01698669185
24.448897795591183 2.95083762295 1.32332500765 5.13165932365 6.59969558069
24.549098196392787 3.08288494033 1.3315258654 5.76500739928 6.01184507826
24.649298597194388 3.22155073541 1.45474159536 6.33025122634 5.23951217222
24.749498997995993 3.37759734156 1.67188430114 6.80908849789 4.29093547496
24.849699398797597 3.55780627867 1.92402960356 7.18551576131 3.20431963512
24.949899799599198 3.76128068555 2.11900520308 7.44878595594 2.04474023922
25.050100200400802 3.97703068915 2.15214102557 7.59541248583 0.888688970346
25.150300601202403 4.18422699859 1.93706690564 7.62926516599 -0.196838638433
25.250501002004007 4.35554093743 1.43433627691 7.55975721408 -1.16985148386
25.350701402805612 4.46274694214 0.6664844615 7.39905731919 -2.01692252734
25.450901803607213 4.48289904245 -0.285907546431 7.15950030769 -2.74652169954
25.551102204408817 4.40319556895 -1.30565348895 6.85191441266 -3.37851310779
25.65130260521042 4.22311328686 -2.27034462272 6.48495687092 -3.93513417126
25.751503006012022 3.95336854036 -3.08229355922 6.0651868524 -4.43536907306
25.851703406813627 3.61240389427 -3.68668221273 5.59754402703 -4.89231115588
25.95190380761523 3.22184651288 -4.07393206267 5.08598252521 -5.31257087231
26.052104208416832 2.80240485787 -4.26960421736 4.53409148776 -5.69703799071
26.152304609218437 2.37110513823 -4.31900526304 3.94559095816 -6.04253494441
26.25250501002004 1.94005715804 -4.27289442822 3.32463746706 -6.34387522028
26.352705410821642 1.51644473528 -4.17761428014 2.6759261678 -6.59577236186
26.452905811623246 1.10325560571 -4.07010592449 2.00462980644 -6.79412768348
26.55310621242485 0.700310300934 -3.97667996799 1.31624956062 -6.93649015939
26.65330661322645 0.305291725989 -3.91393612931 0.616457972489 -7.02180766233
26.753507014028056 -0.0853631193389 -3.89041847595 -0.0890119804359 -7.04981648726
26.85370741482966 -0.475730052919 -3.90798416585 -0.794415220095 -7.02046572563
26.95390781563126 -0.869761698712 -3.96232170797 -1.49400024828 -6.93367237598
27.054108216432866 -1.27065318271 -4.04246859411 -2.18201186339 -6.78950882775
27.15430861723447 -1.6801183362 -4.12957646848 -2.85273035467 -6.58871068621
27.25450901803607 -2.0975297469 -4.19558496352 -3.50056612229 -6.33321025693
27.354709418837675 -2.51896568321 -4.20289549059 -4.12019292889 -6.02631377571
27.45490981963928 -2.93633191628 -4.10645369031 -4.70666755343 -5.67221229382
27.55511022044088 -3.33687361459 -3.85967871181 -5.25546187932 -5.27473008854
27.655310621242485 -3.70351267021 -3.42492662003 -5.76233861249 -4.83553199182
27.75551102204409 -4.01641578948 -2.7872772381 -6.22304007022 -4.35225603435
27.85571142284569 -4.25596263855 -1.96774814451 -6.63280855551 -3.81711831623
27.955911823647295 -4.40674970179 -1.02958216374 -6.98581306411 -3.21653140276
28.0561122244489 -4.46161819022 -0.0718025601243 -7.27461217028 -2.53230715532
28.1563126252505 -4.42431664272 0.791299103204 -7.48984744314 -1.74519991382
28.256513026052104 -4.30960873863 1.45918340755 -7.62044022023 -0.841471683489
28.35671342685371 -4.1404679311 1.87235181676 -7.65458753113 0.17796907016
28.45691382765531 -3.94305807884 2.02782204356 -7.58168901459 1.28889464279
28.557114228456914 -3.74101949579 1.97707252944 -7.3948926933 2.44106681515
28.65731462925852 -3.55083978978 1.80713435986 -7.09340419743 3.56603710473
28.75751503006012 -3.37967867206 1.61224252931 -6.68351296635 4.59409507542
28.857715430861724 -3.22602590928 1.46764842819 -6.1777779326 5.47238933933
28.95791583166333 -3.08243752118 1.41542897852 -5.59273474673 6.17514794693
29.05811623246493 -2.93895241622 1.46486102555 -4.94614793706 6.70258965825
29.158316633266534 -2.78591240262 1.60279541655 -4.25481966682 7.07185546907
29.258517034068138 -2.61554514497 1.80683954513 -3.53345051837 7.30605027764
29.35871743486974 -2.42232129741 2.05603222287 -2.7944936417 7.42586762273
29.458917835671343 -2.20246651435 2.33692555384 -2.04864391485 7.44533757068
29.559118236472944 -1.95309127904 2.64527730471 -1.305560292 7.37126546747
29.65931863727455 -1.67132627708 2.98443990053 -0.574503610439 7.20530779627
29.759519038076153 -1.35373712667 3.36159301335 0.13532433782 6.94768975916
29.859719438877754 -0.996180435805 3.78284765568 0.814856929508 6.60162927543
29.95991983967936 -0.594166875822 4.24819904175 1.45567326786 6.1773625869
30.060120240480963 -0.143696602431 4.74727829951 2.05083540533 5.6944189354
30.160320641282564 0.357546423806 5.25648916514 2.59581455718 5.18096504001
30.260521042084168 0.908779488686 5.73736404508 3.08918637257 4.66991472216
30.360721442885772 1.50456696945 6.13527029405 3.532812908 4.19289672356
30.460921843687373 2.13312850648 6.37796285662 3.93140677755 3.77424295296
30.561122244488978 2.77454861478 6.375690278 4.29157936647 3.42720635107
30.661322645290582 3.39928140667 6.02812235477 4.62067486168 3.15327779137
30.761523046092183 3.96800888916 5.24553667084 4.92565989702 2.94378290889
30.861723446893787 4.43449468968 3.98712376438 5.21220746643 2.78184057759
30.96192384769539 4.75275291842 2.30522069489 5.48393581424 2.64341258846
31.062124248496993 4.88780497884 0.367244996909 5.7417164312 2.49781113916
31.162324649298597 4.82630439079 -1.57150417824 5.98304137174 2.30836559401
31.2625250501002 4.58198794312 -3.23952966812 6.20142568738 2.03213468811
31.362725450901802 4.19335052816 -4.42446435314 6.3856800362 1.61779483177
31.462925851703407 3.71537684419 -5.01228292486 6.51905473384 1.00664547682
31.56312625250501 3.20942431389 -4.98801181648 6.57906578289 0.146834571559
31.663326653306612 2.73390755828 -4.42346296183 6.53962667835 -0.975597041152
31.763527054108216 2.33610725066 -3.46727485663 6.37657822397 -2.30422754689
31.86372745490982 2.0452935202 -2.32497810592 6.07530594435 -3.70800420259
31.96392785571142 1.86911132292 -1.21295141815 5.63653360541 -5.02178457143
32.06412825651302 1.79549651477 -0.299103070189 5.07654969784 -6.11026081846
32.16432865731463 1.79969521507 0.333804702844 4.42172178286 -6.91115742143
32.26452905811623 1.85283414624 0.68202057682 3.70088760107 -7.43371266466
32.364729458917836 1.92818414918 0.78517594672 2.9397115742 -7.72533574486
32.46492985971944 2.00351786382 0.688044681071 2.15880299177 -7.83410681703
32.565130260521045 2.0602817656 0.41676413316 1.37499018875 -7.78494858844
32.66533066132264 2.08129784408 -0.0269156849695 0.604089148587 -7.57351085714
32.765531062124246 2.04868707205 -0.656085362009 -0.136515768695 -7.1755043316
32.86573146292585 1.94333303209 -1.47842304946 -0.826849998623 -6.567713943
32.965931863727455 1.74660568737 -2.47304756986 -1.44575827918 -5.75397138792
33.06613226452906 1.44403882854 -3.57700888822 -1.97467711807 -4.78392253901
33.166332665330664 1.02936164793 -4.69295633366 -2.4023420374 -3.75111699519
33.26653306613226 0.506673733583 -5.71672029882 -2.72805781332 -2.76718290459
33.366733466933866 -0.110428279453 -6.5666778263 -2.9617038997 -1.92591802395
33.46693386773547 -0.801820165262 -7.19348092985 -3.12054396779 -1.27860795959
33.567134268537075 -1.54345669106 -7.56378150157 -3.22467490775 -0.832025158037
33.66733466933868 -2.30751003579 -7.63043701784 -3.29326740845 -0.564408874119
33.76753507014028 -3.05973330782 -7.31064489876 -3.34277229751 -0.446458636152
33.86773547094188 -3.75592032069 -6.49288274752 -3.38697069144 -0.455540840131
33.967935871743485 -4.34111235559 -5.08571688417 -3.4377981422 -0.576297632579
34.06813627254509 -4.75554604117 -3.09894886545 -3.50552845907 -0.788169821436
34.168336673346694 -4.94848912519 -0.708761005022 -3.59747500997 -1.05102399641
34.2685370741483 -4.89490659844 1.76036683901 -3.71588512584 -1.30582910806
34.3687374749499 -4.60510928378 3.95193670954 -3.8569141164 -1.49399652872
34.4689378757515 -4.12083096973 5.61353729643 -4.01170483541 -1.57561644454
34.569138276553105 -3.50104635075 6.65373699935 -4.16829068378 -1.52594638709
34.66933867735471 -2.80724728851 7.10149154054 -4.31214049655 -1.3148705509
34.76953907815631 -2.09528512382 7.02828414171 -4.42474810149 -0.892454156405
34.86973947895792 -1.41403600086 6.49773490681 -4.48190320215 -0.198817562245
34.96993987975952 -0.806531963744 5.56707880898 -4.45431336323 0.800114368181
35.07014028056112 -0.308901432874 4.32388914165 -4.31245111314 2.06855015156
35.170340681362724 0.0544103401716 2.91562687266 -4.03487662088 3.4815321192
35.27054108216433 0.276264567318 1.53286902621 -3.61601744727 4.85707142075
35.37074148296593 0.368315662933 0.348484937876 -3.0684574623 6.0275171138
35.47094188376754 0.356079757105 -0.540257964538 -2.4181330632 6.90060185504
35.57114228456914 0.270310109967 -1.12361364708 -1.69575297813 7.47066249083
35.67134268537074 0.139614797152 -1.44645875214 -0.929552281238 7.78502058079
35.77154308617234 -0.0126534604244 -1.56149648824 -0.142338917952 7.89746494543
35.87174348697395 -0.167276739718 -1.49444053543 0.647281330252 7.83405859277
35.97194388777555 -0.305594490554 -1.23021409473 1.42127311491 7.57964271734
36.07214428857716 -0.405634284897 -0.720935848921 2.15825150488 7.08558109955
36.17234468937876 -0.440129649553 0.084580779683 2.8314016031 6.29860973376
36.27254509018036 -0.378386569462 1.19553161672 3.4101838266 5.20566554992
36.37274549098196 -0.192665352949 2.53934875348 3.86655386028 3.87422176058
36.47294589178357 0.133102569456 3.95979489644 4.18362276985 2.45546333754
36.57314629258517 0.597003493673 5.26533284794 4.36195127396 1.13466719024
36.673346693386776 1.17898061093 6.29474713309 4.4192482572 0.0573990241445
36.77354709418837 1.84586835752 6.94815054865 4.3836837953 -0.716363021414
36.87374749498998 2.55687510256 7.16671414784 4.28523874945 -1.20544891712
36.97394789579158 3.26563503619 6.89206895658 4.1497133087 -1.46673157381
37.07414829659319 3.91909920537 6.05046662944 3.99707057647 -1.55458684318
37.17434869739479 4.45730591262 4.58792077261 3.84281100877 -1.50314081389
37.274549098196395 4.81898511156 2.54609809095 3.69974365155 -1.33523012059
37.37474949899799 4.95470423449 0.124819974127 3.57802927933 -1.08434037888
37.4749498997996 4.84253804442 -2.33955918845 3.4833883964 -0.805398807904
37.5751503006012 4.49635851819 -4.49383131468 3.41544099042 -0.561387483768
37.675350701402806 3.96033615366 -6.10447446194 3.36808281169 -0.40045449762
37.77555110220441 3.29332595293 -7.11150377443 3.33154875527 -0.348152244104
37.875751503006015 2.553106474 -7.58332498138 3.29420005725 -0.419198855631
37.97595190380761 1.78770842633 -7.63257749714 3.24278202526 -0.633105526335
38.07615230460922 1.03445276606 -7.35343780697 3.16158971485 -1.01874026978
38.17635270541082 0.323145780053 -6.80185554 3.03193753354 -1.60389169751
38.276553106212425 -0.320639394554 -6.01090854643 2.83325335875 -2.39461939804
38.37675350701403 -0.874782861926 -5.0216724658 2.54632805884 -3.35507758462
38.476953907815634 -1.32275332348 -3.90682924105 2.15797427909 -4.40185984974
38.57715430861723 -1.65695619318 -2.76943368948 1.66508386517 -5.42217123297
38.677354709418836 -1.88060528233 -1.71648077215 1.07584908719 -6.30970641266
38.77755511022044 -2.00643585802 -0.82646841852 0.407348214139 -6.99738367285
38.877755511022045 -2.052855966 -0.133560542915 -0.319136302724 -7.46786499192
38.97795591182365 -2.03973136882 0.364294501649 -1.08256844514 -7.73956827252
39.078156312625254 -1.98583278209 0.682696193766 -1.86446437329 -7.84044736835
39.17835671342685 -1.90868456043 0.827617538097 -2.64856896964 -7.78368697045
39.278557114228455 -1.82633217217 0.781438351897 -3.41857603909 -7.55391676134
39.37875751503006 -1.75981736971 0.50347940561 -4.15518125713 -7.10824751044
39.478957915831664 -1.73472233071 -0.0515622137308 -4.8341083377 -6.3949784405
39.57915831663327 -1.77997082536 -0.898188707352 -5.42687686166 -5.38864197473
39.67935871743487 -1.92269396219 -1.98040944124 -5.90540873324 -4.12800517407
39.77955911823647 -2.17996683505 -3.15376500215 -6.24949160765 -2.73016717392
39.879759519038075 -2.55080237388 -4.20987991169 -6.45346954113 -1.35969801549
39.97995991983968 -3.01246205825 -4.93328277772 -6.52794559646 -0.165482836377
40.08016032064128 -3.52257345754 -5.15427733016 -6.49531279734 0.771569916991
40.18036072144289 -4.02524142298 -4.77490650225 -6.38210070722 1.44746368828
40.28056112224449 -4.45876319968 -3.77873878729 -6.21247070796 1.90729330751
40.38076152304609 -4.76437410218 -2.24332679242 -6.00509793752 2.21059147811
40.480961923847694 -4.89624438991 -0.349018962181 -5.77287289926 2.41158357152
40.5811623246493 -4.83100754823 1.64386247647 -5.52371210629 2.55555728802
40.6813627254509 -4.57274814043 3.46142201189 -5.26134291891 2.68121430539
40.78156312625251 -4.15024170261 4.89660820634 -4.9858951217 2.82161195085
40.88176352705411 -3.60747971433 5.85598802285 -4.6944972269 3.00346936843
40.98196392785571 -2.99222037508 6.35279079523 -4.38194106537 3.24665097183
41.08216432865731 -2.34722023232 6.46571510904 -4.04139437856 3.56352214604
41.18236472945892 -1.70593915263 6.29540664778 -3.66523040771 3.95719134933
41.28256513026052 -1.09188342149 5.93688488219 -3.24607049253 4.41929120903
41.38276553106213 -0.519824718122 5.46872403223 -2.77798909587 4.92930704341
41.482965931863724 0.00244138477695 4.95176088664 -2.25763635393 5.45703279662
41.58316633266533 0.472389298201 4.43061889023 -1.68495591115 5.96802589293
41.68336673346693 0.89120984438 3.93502406574 -1.06327642896 6.430234899
41.78356713426854 1.26237162302 3.4809508184 -0.398785451647 6.81930449826
41.88376753507014 1.59033567485 3.07271479081 0.300382095313 7.12078334987
41.983967935871746 1.87955770265 2.70663565458 1.02510190625 7.32892350422
42.08416833667334 2.13392637274 2.37594857624 1.76596279328 7.44301638921
42.18436873747495 2.35671895647 2.07602579685 2.51353983774 7.46270845222
42.28456913827655 2.55104728887 1.80886023582 3.25820368643 7.38360774938
42.38476953907816 2.72067673945 1.58571212855 3.98954587438 7.19423328124
42.48496993987976 2.87096231697 1.42668329523 4.69561523952 6.87540576513
42.585170340681366 3.00954242659 1.35602764733 5.36225755633 6.40320474501
42.68537074148296 3.14630836117 1.39244758798 5.9729752094 5.75637831071
42.78557114228457 3.29219026828 1.53557104248 6.50972988196 4.92744978519
42.88577154308617 3.45656552079 1.75308090176 6.95490318579 3.93377711919
42.985971943887776 3.64372027229 1.97594645305 7.29409499065 2.82212780573
43.08617234468938 3.84952475592 2.10821120301 7.51882071977 1.66157468632
43.186372745490985 4.05985920339 2.05136618728 7.62792467704 0.52590369781
43.28657314629258 4.25188862656 1.73491350577 7.62704363852 -0.525932559312
43.38677354709419 4.39819035798 1.14072878568 7.52644304811 -1.46144929604
43.48697394789579 4.47258772381 0.311659832171 7.33827680753 -2.27456265682
43.587174348697395 4.45589940539 -0.658684714955 7.07431060597 -2.97740607869
43.687374749499 4.3398515645 -1.65125813535 6.74460765667 -3.59026522089
43.787575150300604 4.12806172525 -2.55285578062 6.35712984853 -4.1337760789
43.8877755511022 3.83406763521 -3.28201622726 5.91795488915 -4.62440677144
43.987975951903806 3.47740091186 -3.80129190926 5.43180583696 -5.07258897415
44.08817635270541 3.0791947071 -4.11470661737 4.90267176106 -5.48264345636
44.188376753507015 2.65859536353 -4.25542050369 4.33437178414 -5.85390047911
44.28857715430862 2.23059945052 -4.27066376649 3.73096754369 -6.1825270015
44.388777555110224 1.80530857809 -4.20917043868 3.09697902033 -6.46353326204
44.48897795591182 1.38821610386 -4.11330531101 2.43741263692 -6.69241360478
44.589178356713425 0.981047990842 -4.0156349262 1.75766050702 -6.8660581899
44.68937875751503 0.582779840257 -3.93861332877 1.06334843854 -6.98287464241
44.789579158316634 0.190594606571 -3.89583345775 0.360202694937 -7.04234930695
44.88977955911824 -0.199308775015 -3.89357138803 -0.346027023102 -7.0444326213
44.98997995991984 -0.591039021833 -3.9317846246 -1.04958995065 -6.98911181036
45.09018036072144 -0.988390171947 -4.00415513361 -1.74473298959 -6.87638699482
45.190380761523045 -1.3941738612 -4.09717109749 -2.42571850219 -6.70665895212
45.29058116232465 -1.80942609236 -4.18864742756 -3.0868939745 -6.48132465521
45.390781563126254 -2.23247066366 -4.24651438646 -3.72281718998 -6.20322558178
45.49098196392786 -2.65792522321 -4.22912179843 -4.32840272325 -5.87656824767
45.591182364729455 -3.07587688955 -4.08858046707 -4.89902295975 -5.50607509106
45.69138276553106 -3.47160324266 -3.77846540718 -5.43048576134 -5.09540665921
45.791583166332664 -3.82629765739 -3.26608976124 -5.91883132554 -4.64520143183
45.89178356713427 -4.11918821846 -2.54726765706 -6.35993400974 -4.1512633866
45.99198396793587 -4.33104200503 -1.6583863308 -6.74895490131 -3.60344118187
46.09218436873748 -4.44847069049 -0.679013338811 -7.07973595633 -2.98569641827
46.192384769539075 -4.46778922674 0.279996158005 -7.34428568534 -2.27797829929
46.29258517034068 -4.39697130589 1.10176371013 -7.53257756255 -1.46072989127
46.392785571142284 -4.25471553916 1.69408445124 -7.63295949585 -0.522599659119
46.49298597194389 -4.06662886197 2.01441770751 -7.63346337832 0.529713452712
46.59318637274549 -3.85959111629 2.08005541239 -7.52405017305 1.66357973272
46.6933867735471 -3.65602643538 1.95975759541 -7.29929122802 2.82056255946
46.793587174348694 -3.46984477873 1.74985637032 -6.96046901821 3.92793025315
46.8937875751503 -3.30517971805 1.54427467563 -6.51608084303 4.91778087436
46.9939879759519 -3.15792642467 1.41063617628 -5.98043461675 5.74417756108
47.09418837675351 -3.01898843572 1.38066659804 -5.37100154757 6.39002691379
47.19438877755511 -2.8777404254 1.45481860035 -4.70567112965 6.86260451467
47.294589178356716 -2.72456698676 1.6148252447 -4.00082424846 7.18277623631
47.394789579158314 -2.55205687565 1.83695439284 -3.27053515727 7.3741288906
47.49498997995992 -2.35503113879 2.10154314356 -2.52670160848 7.45569229279
47.59519038076152 -2.12986383411 2.39764397589 -1.77968277202 7.43898132895
47.69539078156313 -1.87355670781 2.72346132853 -1.03904929052 7.32854126055
47.79559118236473 -1.58293039025 3.08379654855 -0.314150941203 7.12486058917
47.895791583166336 -1.25417183396 3.48565715881 0.385682964465 6.82864101477
47.99599198396793 -0.882871322486 3.93308710441 1.05139807414 6.44539137427
48.09619238476954 -0.464570907211 4.42226284418 1.67489321101 5.98907612853
48.19639278557114 0.004248288766 4.93776949773 2.24995616483 5.48339514911
48.296593186372746 0.524881989179 5.45038620065 2.77316716723 4.95975509406
48.39679358717435 1.09495295863 5.91584165207 3.24443519517 4.45215291933
48.496993987975955 1.70684062479 6.27348676508 3.66693343748 3.99067243233
48.59719438877755 2.34596323216 6.44486876025 4.04641472254 3.59601514921
48.69739478957916 2.98901803179 6.3351292635 4.39011415018 3.27690876172
48.79759519038076 3.60276352607 5.84381195099 4.70555262021 3.0306259162
48.897795591182366 4.14468110177 4.89226552082 4.99949151795 2.8450978807
48.99799599198397 4.56722562486 3.466716503 5.27709269963 2.70066322104
49.098196392785574 4.82652505601 1.65925970647 5.54119906194 2.57075884134
49.19839679358717 4.89375993013 -0.324909317881 5.79166622981 2.42244898783
49.298597194388776 4.76462460384 -2.21339344376 6.02476073943 2.21706964624
49.39879759519038 4.46216585285 -3.74627086801 6.23255867525 1.90927410041
49.498997995991985 4.03191117873 -4.74251704181 6.40215589171 1.44480361449
49.59919839679359 3.53241555103 -5.12354006998 6.51487054838 0.76434632729
49.699398797595194 3.02525950144 -4.90518673574 6.54657650933 -0.176572669829
49.79959919839679 2.56623845257 -4.18552561288 6.47085757725 -1.37308616473
49.899799599198396 2.19759493962 -3.13463554939 6.26551454675 -2.74363248415
50.0 1.94191322697 -1.96799754048 5.92017118029 -4.13938532037
