PRES   HGHT   TEMP   DWPT   RELH   MIXR   DRCT   SKNT   THTA   THTE   THTV
  934.0    751    0.8   -8.2     51   2.22    140      3  279.4  285.8  279.7
  925.0    826    1.4  -11.6     37   1.71    120      5  280.7  285.8  281.0
  923.0    843    1.6  -11.4     37   1.74    114      5  281.1  286.3  281.4
  915.0    914    3.0  -13.0     30   1.54     90      4  283.2  287.9  283.5
  915.0    914    3.0  -13.0     30   1.54     90      4  283.2  287.9  283.5
  881.0   1219    2.2  -13.8     30   1.51      0      4  285.6  290.2  285.8
  870.0   1321    2.0  -14.0     29   1.50      4      5  286.3  290.9  286.6
  850.0   1508    1.0  -14.0     32   1.53     10      8  287.2  291.9  287.4
  816.4   1829   -1.8  -16.3     32   1.32      0     14  287.6  291.7  287.8
  785.7   2134   -4.4  -18.4     33   1.14    350     18  287.9  291.5  288.1
  785.0   2141   -4.5  -18.5     33   1.14    349     18  287.9  291.5  288.1
  769.0   2303   -5.7  -16.7     42   1.35    336     19  288.3  292.5  288.5
  755.9   2438   -6.2  -19.1     35   1.12    325     19  289.2  292.7  289.4
  742.0   2583   -6.7  -21.7     29   0.91    332     25  290.2  293.1  290.3
  727.0   2743   -5.8  -19.2     34   1.16    340     32  292.9  296.6  293.1
  723.0   2786   -5.5  -18.5     35   1.24    342     32  293.6  297.6  293.9
  708.0   2951   -4.9  -23.9     21   0.79    350     33  296.1  298.7  296.2
  700.0   3040   -5.3  -25.3     19   0.70    355     34  296.6  298.9  296.7
  680.0   3267   -6.3  -24.3     23   0.79    355     35  297.9  300.6  298.1
  673.0   3348   -6.1  -25.1     21   0.74    355     36  299.0  301.6  299.2
  672.6   3353   -6.1  -25.1     21   0.74    355     36  299.1  301.6  299.2
  646.7   3658   -8.6  -26.6     22   0.68    355     39  299.6  301.9  299.7
  624.0   3935  -10.9  -27.9     23   0.62    353     42  300.1  302.2  300.2
  597.4   4267  -13.2  -35.0     14   0.33    350     46  301.2  302.4  301.2
  565.0   4691  -16.1  -44.1      7   0.14    357     58  302.6  303.1  302.6
  551.3   4877  -15.0  -52.1      3   0.06      0     63  306.0  306.2  306.0
  547.0   4936  -14.7  -54.7      2   0.04    360     63  307.1  307.2  307.1
  500.0   5610  -19.9  -49.9      5   0.08    355     67  308.7  309.0  308.7
  467.9   6096  -23.7  -47.4      9   0.11    355     73  309.9  310.3  309.9
  460.0   6221  -24.7  -46.7     11   0.13    355     75  310.2  310.6  310.2
  446.0   6446  -24.7  -53.7      5   0.06    355     79  312.9  313.1  312.9
  418.0   6915  -26.7  -56.7      4   0.04    355     88  316.2  316.4  316.2
  412.5   7010  -27.4  -56.5      5   0.04    355     88  316.5  316.7  316.5
  400.0   7230  -29.1  -56.1      6   0.05      0     87  317.1  317.3  317.1
  378.4   7620  -32.4  -58.3      6   0.04      0     88  317.8  318.0  317.8
  345.0   8267  -37.9  -61.9      6   0.03    352     85  318.9  319.0  318.9
  317.3   8839  -40.8  -65.7      5   0.02    345     82  322.5  322.6  322.5
  313.0   8932  -41.3  -66.3      5   0.02    345     80  323.1  323.2  323.1
  304.0   9130  -41.3  -67.3      4   0.01    345     76  325.8  325.9  325.8
  303.4   9144  -41.4  -67.4      4   0.01    345     76  325.9  326.0  325.9
  300.0   9220  -41.7  -67.7      4   0.01    345     72  326.5  326.5  326.5
  287.0   9519  -43.3  -70.3      4   0.01    348     58  328.4  328.4  328.4
  281.0   9662  -43.3  -71.3      3   0.01    349     51  330.3  330.4  330.3
  277.1   9754  -43.9  -71.9      3   0.01    350     47  330.8  330.8  330.8
  252.9  10363  -47.8  -75.8      3   0.01    315     33  333.8  333.8  333.8
  250.0  10440  -48.3  -76.3      2   0.00    305     33  334.1  334.1  334.1
  244.0  10599  -49.5  -76.5      3   0.00    295     36  334.7  334.7  334.7
  241.4  10668  -49.5  -76.5      3   0.00    275     43  335.7  335.7  335.7
  240.0  10707  -49.5  -76.5      3   0.00    275     44  336.2  336.3  336.2
  236.0  10817  -47.1  -77.1      2   0.00    275     46  341.5  341.5  341.5
  219.0  11308  -49.5  -79.5      2   0.00    275     57  345.1  345.2  345.2
  215.0  11429  -48.5  -79.5      2   0.00    275     60  348.5  348.6  348.5
  204.0  11772  -51.1  -80.1      2   0.00    275     67  349.7  349.7  349.7
  200.4  11887  -51.1  -81.0      2   0.00    275     70  351.5  351.5  351.5
  200.0  11900  -51.1  -81.1      2   0.00    275     70  351.7  351.7  351.7
  182.5  12497  -51.3  -82.9      1   0.00    300     42  360.8  360.8  360.8
  179.0  12622  -51.3  -83.3      1   0.00    291     39  362.7  362.7  362.7
  175.0  12769  -50.5  -83.5      1   0.00    280     35  366.4  366.4  366.4
  169.0  12996  -51.7  -83.7      1   0.00    263     30  368.0  368.0  368.0
  167.0  13074  -50.3  -83.3      1   0.00    257     28  371.6  371.6  371.6
  166.2  13106  -50.3  -83.3      1   0.00    255     27  372.2  372.2  372.2
  163.0  13232  -50.1  -83.1      1   0.00    249     27  374.5  374.6  374.5
  158.6  13411  -51.6  -84.0      1   0.00    240     28  374.9  374.9  374.9
  150.0  13770  -54.7  -85.7      1   0.00    245     38  375.6  375.6  375.6
  144.2  14021  -56.8  -86.0      1   0.00    245     40  376.3  376.3  376.3
  140.0  14208  -58.3  -86.3      2   0.00    250     43  376.8  376.8  376.8
  130.0  14673  -60.1  -87.1      2   0.00    263     49  381.6  381.6  381.6
  125.0  14917  -60.3  -87.3      2   0.00    270     53  385.6  385.6  385.6
  124.7  14935  -60.2  -87.3      2   0.00    270     53  386.1  386.1  386.1
  120.0  15173  -58.3  -87.3      1   0.00    270     46  393.8  393.8  393.8
  118.7  15240  -58.8  -87.8      1   0.00    270     44  394.0  394.0  394.0
  118.0  15279  -59.1  -88.1      1   0.00    269     43  394.2  394.2  394.2
  107.0  15891  -60.1  -89.1      1   0.00    261     31  403.5  403.5  403.5
  100.0  16310  -63.9  -90.9      1   0.00    255     22  404.0  404.0  404.0
   96.2  16547  -65.3  -91.3      2   0.00    255     25  405.8  405.8  405.8
   94.1  16682  -63.3  -89.3      2   0.00    254     26  412.3  412.3  412.3
   87.8  17105  -65.9  -89.9      2   0.00    252     31  415.3  415.3  415.3
   84.0  17374  -66.0  -89.6      2   0.00    250     34  420.4  420.4  420.4
   79.2  17730  -66.1  -89.1      3   0.00    256     31  427.3  427.3  427.3
   78.1  17816  -64.3  -88.3      2   0.00    257     30  432.7  432.8  432.7
   76.2  17966  -64.9  -88.9      2   0.00    260     29  434.5  434.6  434.5
   76.0  17983  -64.6  -88.8      2   0.00    260     29  435.4  435.5  435.4
   73.2  18213  -60.9  -86.9      2   0.00    249     15  448.0  448.0  448.0
   72.3  18288  -61.4  -87.4      2   0.00    245     11  448.4  448.4  448.4
   70.0  18490  -62.9  -88.9      2   0.00    250     12  449.5  449.5  449.5
   64.4  19001  -64.9  -90.9      2   0.00    232     12  455.9  455.9  455.9
   61.7  19264  -63.3  -90.3      1   0.00    223     12  465.1  465.1  465.1
   59.3  19507  -64.4  -90.5      2   0.00    215     12  468.0  468.0  468.0
   59.0  19538  -64.5  -90.5      2   0.00    214     11  468.4  468.4  468.4
   55.7  19893  -61.7  -89.7      1   0.00    199      5  482.5  482.6  482.5
   53.7  20117  -62.1  -90.1      1   0.00    190      1  486.6  486.7  486.6
   50.0  20560  -62.9  -90.9      1   0.00    315      4  494.8  494.9  494.8
   47.2  20914  -63.9  -91.9      1   0.00      3      4  500.7  500.7  500.7
   44.1  21336  -61.5  -90.2      1   0.00     60      4  516.4  516.4  516.4
   43.1  21475  -60.7  -89.7      1   0.00     62      5  521.7  521.7  521.7
   36.2  22555  -61.9  -90.9      1   0.00     75     15  545.2  545.3  545.2
   34.5  22860  -62.2  -91.2      1   0.00    100     24  552.1  552.1  552.1
   32.2  23281  -62.7  -91.7      1   0.00    105     23  561.7  561.7  561.7
   31.6  23397  -61.1  -91.1      1   0.00    106     22  569.0  569.0  569.0
   30.0  23720  -61.1  -91.1      1   0.00    110     21  577.5  577.5  577.5
   29.2  23887  -61.7  -90.7      1   0.00    110     20  580.3  580.4  580.3
   28.3  24079  -60.0  -90.1      1   0.00    110     18  590.3  590.3  590.3
   27.7  24216  -58.7  -89.7      1   0.00     94     18  597.5  597.5  597.5
   27.0  24384  -59.0  -89.8      1   0.00     75     19  601.3  601.3  601.3
   25.7  24689  -59.5  -90.1      1   0.00     45     17  608.2  608.2  608.2
   23.3  25298  -60.6  -90.7      1   0.00     65     11  622.3  622.3  622.3
   23.1  25348  -60.7  -90.7      1   0.00     67     12  623.4  623.5  623.4
   22.0  25653  -58.9  -89.9      1   0.01     80     15  637.5  637.6  637.5
   21.1  25908  -59.3  -90.3      1   0.01     90     18  643.7  643.8  643.7
   20.8  26003  -59.5  -90.5      1   0.01     91     18  646.0  646.1  646.0
   20.0  26250  -56.5  -88.5      1   0.01     95     19  662.5  662.6  662.5
   19.6  26379  -55.1  -87.1      1   0.01    100     20  670.6  670.7  670.6
   19.2  26518  -55.2  -87.1      1   0.01    105     22  674.4  674.5  674.4
   18.3  26822  -55.6  -87.2      1   0.01     95     24  682.6  682.7  682.6
   17.4  27127  -55.9  -87.2      1   0.01    120     16  691.0  691.1  691.0
   16.6  27432  -56.2  -87.3      1   0.01    105     20  699.5  699.6  699.5
   16.4  27514  -56.3  -87.3      1   0.01    125     19  701.8  701.9  701.8
   15.8  27737  -55.5  -87.2      1   0.01    180     15  711.3  711.5  711.3
   15.1  28042  -54.5  -87.0      1   0.01    175     17  724.5  724.7  724.5
   14.7  28214  -53.9  -86.9      1   0.01    183     15  732.1  732.2  732.1
   14.4  28346  -54.3  -87.0      1   0.01    190     13  735.1  735.3  735.1
   13.8  28618  -55.1  -87.1      1   0.01    232     13  741.3  741.5  741.4
   13.5  28759  -53.7  -86.7      1   0.02    254     14  750.8  751.0  750.8
   13.1  28956  -54.0  -86.7      1   0.02    285     14  756.5  756.6  756.5
   12.5  29261  -54.4  -86.7      1   0.02    280     14  765.3  765.5  765.3
   12.1  29462  -54.7  -86.7      1   0.02    280     10  771.1  771.4  771.1
   11.4  29870  -53.7  -86.0      1   0.02    280      3  788.8  789.1  788.8
   10.8  30175  -53.0  -85.5      1   0.02    240     12  802.3  802.6  802.3
   10.3  30480  -52.2  -85.0      1   0.03    245     22  815.9  816.3  816.0
   10.0  30690  -51.7  -84.7      1   0.03    250     27  825.5  825.9  825.5
    9.9  30785  -51.5  -84.6      1   0.03    255     33  829.7  830.1  829.7
    9.0  31394  -50.1  -83.8      1   0.04    250     22  857.5  858.0  857.5
    8.6  31699  -49.4  -83.4      1   0.04    260     33  871.7  872.3  871.7
