   PRES   HGHT   TEMP   DWPT   RELH   MIXR   DRCT   SKNT   THTA   THTE   THTV
  923.0    751   31.6   11.6     29   9.38    170      3  311.8  341.1  313.6
  909.0    888   30.6   14.6     38  11.62    204      8  312.1  348.3  314.3
  906.4    914   30.8   13.8     36  11.07    210      9  312.6  347.0  314.6
  895.0   1027   31.4   10.4     27   8.92    262      8  314.4  342.5  316.1
  876.0   1219   30.4    8.3     25   7.89    350      5  315.3  340.4  316.8
  863.0   1352   29.8    6.8     24   7.23    338      4  316.0  339.1  317.4
  850.0   1487   28.8    6.8     25   7.34    325      3  316.3  339.8  317.7
  817.7   1829   26.2    5.9     27   7.18    280      6  317.1  340.1  318.4
  813.0   1880   25.8    5.8     28   7.16    282      7  317.2  340.2  318.5
  789.7   2134   24.3    3.6     26   6.33    290     10  318.2  338.8  319.5
  762.7   2438   22.6    1.0     24   5.44    305     12  319.5  337.4  320.6
  748.0   2607   21.6   -0.4     23   4.99    302     14  320.2  336.7  321.2
  736.3   2743   20.4    0.3     26   5.34    300     16  320.4  338.0  321.4
  710.6   3048   17.7    1.9     35   6.22    305     17  320.7  341.0  321.9
  706.0   3104   17.2    2.2     37   6.39    307     16  320.7  341.6  321.9
  700.0   3177   16.8    0.8     34   5.83    310     15  321.1  340.2  322.2
  681.0   3411   15.2   -2.8     29   4.59    317     14  321.8  337.1  322.7
  661.2   3658   13.3   -4.0     30   4.34    325     13  322.4  336.9  323.2
  631.0   4051   10.2   -5.8     32   3.95    341      9  323.2  336.5  324.0
  614.5   4267    8.3   -6.0     36   3.98    350      6  323.4  336.9  324.2
  570.2   4877    2.9   -6.8     49   4.07     50      6  324.1  337.8  324.9
  549.2   5182    0.2   -7.1     58   4.11     65     11  324.4  338.3  325.2
  538.0   5351   -1.3   -7.3     64   4.13     73     12  324.5  338.5  325.3
  528.9   5486   -2.5   -7.8     67   4.04     80     13  324.7  338.4  325.5
  513.0   5728   -4.5   -8.7     72   3.88     94     13  325.1  338.3  325.9
  500.0   5930   -5.9  -10.4     71   3.48    105     13  325.8  337.7  326.5
  498.0   5961   -6.1  -10.7     70   3.42    108     13  325.9  337.6  326.6
  489.4   6096   -7.3  -11.1     74   3.38    120     13  326.1  337.7  326.8
  465.0   6492  -10.7  -12.1     89   3.27    152      9  326.6  337.9  327.3
  450.0   6742  -12.9  -14.5     88   2.78    173      7  326.9  336.6  327.5
  441.0   6896  -13.7  -15.4     87   2.63    185      5  327.8  337.0  328.4
  433.0   7035  -13.9  -18.1     71   2.14    197      4  329.3  336.9  329.7
  417.2   7315  -16.1  -18.8     80   2.09    220      1  330.0  337.5  330.4
  417.0   7318  -16.1  -18.8     80   2.09    221      1  330.0  337.5  330.4
  400.5   7620  -17.6  -22.5     66   1.58    265      5  331.8  337.6  332.2
  400.0   7630  -17.7  -22.6     66   1.57    265      5  331.9  337.6  332.2
  384.0   7935  -20.5  -22.6     83   1.63    261      5  332.1  338.1  332.4
  382.0   7973  -20.5  -23.5     77   1.51    261      5  332.6  338.2  332.9
  380.0   8012  -19.9  -31.9     34   0.70    260      5  333.9  336.6  334.0
  376.0   8091  -20.1  -38.1     18   0.38    259      5  334.6  336.2  334.7
  368.0   8250  -20.9  -36.9     22   0.44    257      5  335.6  337.4  335.7
  366.0   8291  -21.3  -35.3     27   0.52    256      5  335.6  337.7  335.7
  363.0   8352  -21.5  -29.5     48   0.92    256      5  336.1  339.7  336.3
  345.0   8725  -24.5  -34.5     39   0.60    251      4  337.0  339.4  337.1
  333.0   8982  -26.5  -32.5     57   0.75    247      4  337.7  340.6  337.9
  328.0   9092  -27.3  -35.3     47   0.58    246      4  338.1  340.4  338.2
  325.6   9144  -27.6  -38.1     36   0.44    245      4  338.4  340.1  338.5
  318.0   9315  -28.5  -47.5     14   0.17    262      5  339.4  340.1  339.4
  300.0   9730  -32.1  -49.1     17   0.15    305      7  340.0  340.6  340.1
  291.0   9944  -33.7  -51.7     15   0.11    282     11  340.7  341.2  340.7
  286.3  10058  -34.6  -43.3     41   0.29    270     13  341.0  342.2  341.0
  286.0  10066  -34.7  -42.7     44   0.31    270     13  341.0  342.3  341.0
  283.0  10139  -35.1  -43.1     44   0.30    269     13  341.4  342.7  341.5
  264.0  10620  -39.7  -44.0     63   0.29    261     13  341.6  342.8  341.6
  262.1  10668  -40.1  -46.0     53   0.24    260     13  341.7  342.7  341.7
  262.0  10672  -40.1  -46.1     53   0.23    260     13  341.7  342.7  341.8
  258.0  10776  -41.1  -46.1     58   0.24    249     13  341.7  342.7  341.8
  250.6  10973  -42.4  -49.2     47   0.17    230     14  342.7  343.4  342.7
  250.0  10990  -42.5  -49.5     46   0.17    230     14  342.7  343.5  342.8
  247.0  11071  -43.3  -51.3     41   0.14    231     14  342.7  343.3  342.8
  237.0  11348  -45.5  -51.5     51   0.14    234     13  343.5  344.1  343.5
  227.0  11634  -47.9  -55.9     39   0.09    238     13  344.1  344.5  344.1
  225.0  11693  -47.9  -55.9     39   0.09    239     13  344.9  345.3  345.0
  223.0  11751  -47.9  -59.9     24   0.05    239     13  345.8  346.1  345.8
  208.5  12192  -51.8  -63.8     22   0.03    245     12  346.5  346.7  346.5
  208.0  12207  -51.9  -63.9     22   0.03    245     12  346.5  346.7  346.5
  200.0  12460  -53.3  -66.3     19   0.03    245     12  348.2  348.3  348.2
  199.0  12492  -53.3  -66.3     19   0.03    247     12  348.7  348.8  348.7
  196.0  12590  -53.5  -70.5     11   0.01    253     13  349.9  350.0  349.9
  189.5  12802  -55.2  -72.2     10   0.01    265     15  350.6  350.7  350.6
  172.1  13411  -59.9  -76.9      9   0.01    255     21  352.6  352.6  352.6
  168.0  13562  -61.1  -78.1      9   0.01    266     19  353.0  353.0  353.0
  160.0  13864  -61.7  -79.7      7   0.00    288     16  356.9  357.0  356.9
  156.0  14021  -63.1  -80.3      8   0.00    300     14  357.1  357.2  357.1
  150.0  14260  -65.3  -81.3      9   0.00    285     14  357.4  357.4  357.4
  142.0  14592  -67.7  -81.7     12   0.00    285     20  358.9  358.9  358.9
  141.1  14630  -67.8  -81.8     12   0.00    285     21  359.3  359.3  359.3
  139.0  14720  -68.1  -82.1     12   0.00    278     18  360.3  360.4  360.3
  134.0  14940  -67.5  -82.5     10   0.00    262     12  365.2  365.2  365.2
  127.4  15240  -70.0  -83.8     12   0.00    240      3  366.0  366.1  366.0
  123.0  15451  -71.7  -84.7     13   0.00    224      4  366.6  366.6  366.6
  122.0  15499  -70.9  -83.9     13   0.00    220      4  368.9  368.9  368.9
  115.0  15849  -70.7  -83.7     13   0.00    193      5  375.6  375.6  375.6
  106.0  16328  -73.9  -86.9     12   0.00    155      7  378.3  378.4  378.3
  102.0  16554  -72.3  -85.3     13   0.00    188     10  385.6  385.6  385.6
  100.0  16670  -72.3  -86.3     11   0.00    205     12  387.8  387.8  387.8
   93.5  17069  -69.5  -87.0      6   0.00    105      3  400.9  400.9  400.9
   92.6  17124  -69.1  -87.1      6   0.00     99      5  402.7  402.7  402.7
   88.8  17374  -70.3  -90.0      4   0.00     70     14  405.2  405.2  405.2
   88.2  17413  -70.5  -90.5      4   0.00     75     15  405.6  405.6  405.6
   87.3  17474  -68.5  -89.5      4   0.00     82     16  410.8  410.8  410.8
   84.4  17678  -67.8  -90.4      3   0.00    105     20  416.3  416.3  416.3
   80.5  17961  -66.7  -91.7      2   0.00     96     22  424.1  424.1  424.1
   80.2  17983  -66.8  -91.9      2   0.00     95     22  424.4  424.4  424.4
   76.2  18288  -67.9  -94.6      1   0.00    115     20  428.3  428.3  428.3
   73.3  18523  -68.7  -96.7      1   0.00    115     15  431.4  431.4  431.4
   72.5  18593  -67.7  -96.2      1   0.00    115     14  434.9  434.9  434.9
   71.6  18664  -66.7  -95.7      1   0.00    103     15  438.5  438.5  438.5
   70.0  18800  -66.5  -95.5      1   0.00     80     17  441.8  441.8  441.8
   68.9  18898  -66.0  -95.3      1   0.00     75     16  444.9  444.9  444.9
   66.6  19103  -64.9  -94.9      1   0.00     72      9  451.6  451.6  451.6
   65.5  19202  -65.0  -94.8      1   0.00     70      6  453.4  453.4  453.4
   62.3  19507  -65.4  -94.6      1   0.00     65     11  459.2  459.2  459.2
   61.3  19608  -65.5  -94.5      1   0.00     74     12  461.1  461.1  461.1
   59.7  19770  -63.7  -93.7      1   0.00     89     12  468.6  468.6  468.6
   56.4  20117  -63.6  -93.6      1   0.00    120     14  476.5  476.5  476.5
   50.6  20787  -63.3  -93.3      1   0.00     88     23  492.2  492.2  492.2
   50.0  20860  -62.9  -92.9      1   0.00     85     24  494.8  494.8  494.8
   49.4  20935  -61.1  -92.1      1   0.00     81     24  500.8  500.8  500.8
   47.2  21217  -62.9  -92.9      1   0.00     66     23  503.1  503.1  503.1
   46.3  21336  -63.0  -93.0      1   0.00     60     23  505.7  505.7  505.7
   44.1  21641  -63.1  -93.1      1   0.00     90     26  512.6  512.6  512.6
   43.8  21677  -63.1  -93.1      1   0.00     89     26  513.4  513.4  513.4
   42.0  21946  -60.9  -91.7      1   0.00     80     24  525.2  525.2  525.2
   40.0  22250  -58.4  -90.0      1   0.00     95     22  538.8  538.9  538.8
   39.1  22385  -57.3  -89.3      1   0.00     82     23  545.0  545.0  545.0
   38.1  22555  -56.8  -88.8      1   0.00     65     24  550.3  550.4  550.3
   36.3  22860  -56.0  -88.0      1   0.00     85     27  560.0  560.1  560.0
   34.4  23200  -55.1  -87.1      1   0.01     96     30  571.1  571.1  571.1
   33.0  23470  -56.4  -88.4      1   0.00    105     32  574.5  574.5  574.5
   32.9  23484  -56.5  -88.5      1   0.00    104     32  574.7  574.7  574.7
   30.0  24079  -56.0  -88.0      1   0.01     70     30  591.5  591.5  591.5
   30.0  24070  -56.1  -88.1      1   0.01     70     28  591.1  591.2  591.1
   29.3  24221  -55.3  -87.3      1   0.01     75     29  597.3  597.4  597.3
   28.6  24384  -55.5  -87.5      1   0.01     80     27  601.2  601.3  601.2
   25.9  24994  -56.1  -88.1      1   0.01    105     19  616.2  616.3  616.2
   25.8  25032  -56.1  -88.1      1   0.01    103     19  617.1  617.2  617.1
   24.8  25298  -53.0  -85.7      1   0.01     90     20  633.5  633.6  633.5
   24.4  25390  -51.9  -84.9      1   0.01     93     21  639.2  639.3  639.2
   23.6  25606  -52.5  -85.5      1   0.01    100     22  643.6  643.7  643.6
   23.6  25603  -52.5  -85.5      1   0.01    100     22  643.5  643.6  643.5
   22.5  25908  -50.5  -84.1      1   0.02     85     18  658.0  658.1  658.0
   21.8  26124  -49.1  -83.1      1   0.02    106     16  668.5  668.6  668.5
   21.5  26213  -49.1  -83.1      1   0.02    115     15  671.0  671.2  671.1
   20.5  26518  -49.1  -83.1      1   0.02     60     18  680.0  680.2  680.0
   20.0  26690  -49.1  -83.1      1   0.02     60     19  685.1  685.3  685.1
   19.6  26822  -48.8  -82.8      1   0.02     75     19  690.0  690.2  690.0
   19.2  26958  -48.5  -82.5      1   0.02     71     19  695.0  695.3  695.0
   17.9  27432  -49.7  -83.7      1   0.02     55     21  705.8  706.1  705.9
   17.4  27602  -50.1  -84.1      1   0.02     66     28  709.8  710.0  709.8
   17.1  27737  -49.1  -83.3      1   0.02     75     34  717.0  717.2  717.0
   16.3  28042  -47.0  -81.6      1   0.03     75     30  733.5  733.9  733.5
   15.5  28364  -44.7  -79.7      1   0.05     86     34  751.3  751.9  751.4
   14.8  28651  -44.1  -79.3      1   0.05     95     38  762.6  763.2  762.6
   14.2  28956  -43.4  -79.0      1   0.06     85     37  774.8  775.4  774.8
   13.6  29261  -42.8  -78.6      1   0.06    105     40  787.1  787.8  787.1
   13.1  29494  -42.3  -78.3      1   0.07    103     38  796.6  797.4  796.6
   12.7  29704  -39.3  -76.3      1   0.09    101     37  814.2  815.3  814.2
   12.3  29923  -38.1  -76.1      1   0.10    100     35  825.9  827.1  825.9
   11.3  30480  -38.8  -76.4      1   0.10     95     31  842.7  844.0  842.8
   10.8  30785  -39.2  -76.6      1   0.11     95     22  852.1  853.4  852.2
   10.4  31090  -39.6  -76.8      1   0.11     80     19  861.6  863.0  861.7
   10.0  31340  -39.9  -76.9      1   0.11     65     27  869.5  870.9  869.5
    9.5  31699  -40.9  -77.9      1   0.10     95     42  878.8  880.1  878.8

