0.0 -2.0 0.0 1.0 0.0
0.020016012810248198 -1.99519425053 0.479999561317 0.997597125266 -0.239999780658
0.040032025620496396 -1.98080009535 0.957692296542 0.990400047673 -0.478846148271
0.0600480384307446 -1.95688684186 1.43078271704 0.978443420931 -0.715391358521
0.08006405124099279 -1.92356922122 1.89699721914 0.96178461061 -0.948498609569
0.100080064051241 -1.88100710337 2.35409514512 0.940503551684 -1.17704757256
0.1200960768614892 -1.82940527697 2.79987979294 0.914702638484 -1.39993989647
0.14011208967173738 -1.7690118741 3.23220895702 0.88450593705 -1.61610447851
0.16012810248198558 -1.70011701638 3.64900487388 0.850058508192 -1.82450243694
0.1801441152922338 -1.6230516673 4.04826524085 0.811525833648 -2.02413262043
0.200160128102482 -1.53818630214 4.42807044275 0.76909315107 -2.21403522138
0.2201761409127302 -1.44592869975 4.78659553146 0.722964349874 -2.39329776573
0.2401921537229784 -1.34672223111 5.12211740684 0.673361115556 -2.56105870342
0.2602081665332266 -1.24104378185 5.43302317877 0.620521890925 -2.71651158939
0.28022417934347477 -1.12940115365 5.71781902263 0.564700576826 -2.85890951132
0.300240192153723 -1.01233075346 5.97513657198 0.506165376732 -2.98756828599
0.32025620496397117 -0.890395300518 6.20373867583 0.445197650259 -3.10186933791
0.3402722177742194 -0.764180787213 6.40252686664 0.382090393606 -3.20126343332
0.3602882305844676 -0.634294466275 6.57054411243 0.317147233138 -3.28527205622
0.38030424339471575 -0.501359962397 6.70698468331 0.250679981198 -3.35349234166
0.400320256204964 -0.36601572829 6.81119435379 0.183007864145 -3.40559717689
0.42033626901521215 -0.228912533194 6.88267094899 0.114456266597 -3.4413354745
0.4403522818254604 -0.0907092164682 6.92107106447 0.0453546082341 -3.46053553223
0.46036829463570855 0.0479300287084 6.92621029928 -0.0239650143542 -3.46310514964
0.4803843074459568 0.186338912608 6.89806428164 -0.0931694563039 -3.44903214082
0.500400320256205 0.323852296917 6.83676776117 -0.161926148459 -3.41838388058
0.5204163330664532 0.459809324353 6.74261534898 -0.229904662177 -3.37130767449
0.5404323458767014 0.593556618326 6.61605951987 -0.296778309163 -3.30802975993
0.5604483586869495 0.724451452513 6.45770841712 -0.362225726257 -3.22885420856
0.5804643714971978 0.851864823262 6.26832298866 -0.425932411631 -3.13416149433
0.600480384307446 0.975184336357 6.04881341414 -0.487592168178 -3.02440670707
0.6204963971176941 1.09381733109 5.80023462694 -0.546908665543 -2.90011731347
0.6405124099279423 1.20719368555 5.52378124087 -0.603596842775 -2.76189062044
0.6605284227381906 1.31476865755 5.22078146582 -0.657384328773 -2.61039073291
0.6805444355484388 1.41602540747 4.89269084173 -0.708012703734 -2.44634542087
0.7005604483586869 1.51047638531 4.54108862251 -0.755238192657 -2.27054431125
0.7205764611689351 1.59766782009 4.16766368765 -0.798833910044 -2.08383184383
0.7405924739791834 1.67718187565 3.77420939285 -0.838590937823 -1.88710469643
0.7606084867894315 1.74863569229 3.36261702664 -0.874317846144 -1.68130851332
0.7806244995996797 1.81168607136 2.93486485086 -0.90584303568 -1.46743242543
0.800640512409928 1.86602982922 2.49300820435 -0.93301491461 -1.24650410218
0.8206565252201762 1.91140601576 2.03917098711 -0.955703007878 -1.01958549355
0.8406725380304243 1.94759635152 1.57553385656 -0.973798175762 -0.787766928281
0.8606885508406725 1.9744270616 1.10432531622 -0.987213530802 -0.55216265811
0.8807045636509208 1.99176903635 0.627809585127 -0.995884518177 -0.313904792564
0.900720576461169 1.99953914035 0.148276923894 -0.999769570176 -0.0741384619469
0.9207365892714171 1.99769983248 -0.331968339431 -0.998849916241 0.165984169716
0.9407526020816653 1.98626014244 -0.810618114358 -0.993130071219 0.405309057179
0.9607686148919136 1.96527485889 -1.28537222266 -0.982637429444 0.642686111331
0.9807846277021617 1.9348450249 -1.75394904934 -0.967422512448 0.876974524672
1.00080064051241 1.89511669236 -2.21409673959 -0.947558346181 1.10704836979
1.0208166533226581 1.84628096966 -2.66360396269 -0.923140484829 1.33180198135
1.0408326661329064 1.78857237386 -3.10031042411 -0.894286186932 1.55015521205
1.0608486789431546 1.72226841221 -3.52211752389 -0.861134206105 1.76105876195
1.0808646917534028 1.64768756209 -3.92699801654 -0.823843781046 1.96349900827
1.1008807045636508 1.56518839971 -4.31300631817 -0.782594199856 2.15650315909
1.120896717373899 1.47516724913 -4.67828716353 -0.737583624564 2.33914358176
1.1409127301841473 1.37805692202 -5.02108544519 -0.689028461009 2.51054272259
1.1609287429943955 1.27432397562 -5.3397535424 -0.63716198781 2.6698767712
1.1809447558046438 1.16446690436 -5.63275994932 -0.582233452182 2.81637997466
1.200960768614892 1.04901371374 -5.89869670365 -0.524506856871 2.94934835182
1.2209767814251402 0.928519196535 -6.13628558342 -0.464259598267 3.06814279171
1.2409927942353882 0.803562470018 -6.3443850371 -0.401781235009 3.17219251855
1.2610088070456364 0.674743996637 -6.52199474556 -0.337371998318 3.26099737278
1.2810248198558847 0.542682888698 -6.66826134661 -0.271341444349 3.3341306733
1.301040832666133 0.408013778862 -6.78248183837 -0.204006889431 3.39124091918
1.3210568454763811 0.271383856125 -6.86410724873 -0.135691928063 3.43205362436
1.3410728582866294 0.133449738814 -6.91274540675 -0.0667248694072 3.45637270337
1.3610888710968776 -0.00512573943113 -6.92816184744 0.00256286971556 3.46408092372
1.3811048839071256 -0.143676534706 -6.91028359515 0.0718382673532 3.45514179758
1.4011208967173738 -0.28153682382 -6.85919584897 0.14076841191 3.42959792448
1.421136909527622 -0.41804409559 -6.77514462768 0.209022047795 3.38757231384
1.4411529223378703 -0.55254231177 -6.65853351168 0.276271155885 3.32926675584
1.4611689351481185 -0.684385121354 -6.50992308606 0.342192560677 3.25496154303
1.4811849479583667 -0.812938899196 -6.33002763136 0.406469449598 3.16501381568
1.501200960768615 -0.937585853618 -6.11971136621 0.468792926809 3.05985568311
1.521216973578863 -1.05772698338 -5.87998556113 0.528863491689 2.93999278057
1.5412329863891112 -1.17278486544 -5.61200156051 0.58639243272 2.80600078026
1.5612489991993594 -1.28220672329 -5.31704798962 0.641103361646 2.65852399481
1.5812650120096077 -1.38546635144 -4.99654176976 0.69273317572 2.49827088488
1.601281024819856 -1.48206796785 -4.65202389027 0.741033983924 2.32601194514
1.6212970376301041 -1.57154717063 -4.28514941241 0.785773585313 2.14257470621
1.6413130504403524 -1.65347396779 -3.89768111226 0.826736983895 1.94884055613
1.6613290632506006 -1.72745456691 -3.49148129046 0.863727283456 1.74574064523
1.6813450760608486 -1.79313336102 -3.06850235255 0.896566680512 1.53425117628
1.7013610888710968 -1.85019474601 -2.63077693088 0.925097373003 1.31538846544
1.721377101681345 -1.89836452761 -2.18040840947 0.949182263807 1.09020420474
1.7413931144915933 -1.93741121234 -1.71956051297 0.968705606171 0.859780256486
1.7614091273018415 -1.96714701597 -1.25044973852 0.983573507987 0.625224869258
1.7814251401120897 -1.98742871483 -0.775332062168 0.993714357414 0.387666031084
1.801441152922338 -1.99815958651 -0.296487427681 0.999079793256 0.14824371384
1.821457165732586 -1.99928798664 0.183782770902 0.999643993322 -0.0918913854511
1.8414731785428342 -1.99080828255 0.66316975639 0.995404141276 -0.331584878195
1.8614891913530824 -1.97276122497 1.13936970497 0.986380612484 -0.569684852486
1.8815052041633307 -1.94523354374 1.61009411229 0.97261677187 -0.805047056146
1.901521216973579 -1.90835752876 2.07308080331 0.954178764379 -1.03654040165
1.9215372297838271 -1.86231039389 2.52610480813 0.931155196946 -1.26305240406
1.9415532425940754 -1.80731343518 2.96698893379 0.903656717588 -1.4834944669
1.9615692554043234 -1.74363092211 3.39361460427 0.871815461055 -1.69680730214
1.9815852682145716 -1.67156868284 3.80393268433 0.835784341421 -1.90196634217
2.00160128102482 -1.59147341457 4.19596872894 0.795736707287 -2.09798436447
2.0216172938350683 -1.50373001897 4.56783782864 0.751865009484 -2.28391891432
2.0416333066453163 -1.40876006283 4.91775592839 0.704380031417 -2.45887796419
2.0616493194555643 -1.3070198753 5.24404058978 0.653509937652 -2.62202029489
2.0816653322658127 -1.19899851038 5.5451237925 0.599499255192 -2.77256189625
2.1016813450760607 -1.08521498183 5.81955822697 0.542607490915 -2.90977911349
2.121697357886309 -0.966216232482 6.06602551309 0.483108116241 -3.03301275655
2.141713370696557 -0.842574041362 6.283340732 0.421287020681 -3.141670366
2.1617293835068057 -0.714882695878 6.47045985292 0.357441347939 -3.23522992646
2.1817453963170537 -0.583755776229 6.62648317491 0.291877888115 -3.31324158746
2.2017614091273017 -0.449823516944 6.75066142438 0.224911758472 -3.37533071219
2.22177742193755 -0.313729519506 6.8423973437 0.156864759753 -3.42119867185
2.241793434747798 -0.176127835724 6.901250393 0.0880639178619 -3.4506251965
2.2618094475580466 -0.0376798478921 6.92693836577 0.0188399239461 -3.46346918289
2.2818254603682946 0.100949122549 6.91933746373 -0.0504745612744 -3.45966873186
2.301841473178543 0.239093167836 6.87848327764 -0.119546583918 -3.43924163882
2.321857485988791 0.37608815679 6.80457284577 -0.188044078395 -3.40228642288
2.341873498799039 0.511275771031 6.69796119702 -0.255637885515 -3.34898059851
2.3618895116092875 0.644006313759 6.55916073538 -0.32200315688 -3.27958036769
2.3819055244195355 0.773641911596 6.38883847422 -0.386820955798 -3.19441923711
2.401921537229784 0.899559567292 6.18781295603 -0.449779783646 -3.09390647802
2.421937550040032 1.02115414877 5.95705025341 -0.510577074387 -2.9785251267
2.4419535628502804 1.13784130164 5.6976593742 -0.56892065082 -2.8488296871
2.4619695756605284 1.24906025884 5.41088691374 -0.62453012942 -2.70544345687
2.4819855884707764 1.35427652638 5.09811101459 -0.67713826319 -2.5490555073
2.502001601281025 1.45298445757 4.76083479524 -0.726492228787 -2.38041739762
2.522017614091273 1.54470968532 4.40067912967 -0.772354842661 -2.20033956484
2.5420336269015213 1.62901137546 4.01937475937 -0.814505687732 -2.00968737969
2.5620496397117694 1.70548438225 3.61875411995 -0.852742191124 -1.80937705997
2.582065652522018 1.77376124375 3.20074272093 -0.886880621875 -1.60037136046
2.602081665332266 1.83351381652 2.76734930781 -0.916756908262 -1.3836746539
2.622097678142514 1.88445493357 2.32065668097 -0.942227466783 -1.16032834049
2.6421136909527623 1.92633982783 1.86281160831 -0.963169913915 -0.931405804153
2.6621297037630103 1.95896714154 1.39601429104 -0.979483570769 -0.698007145521
2.6821457165732587 1.98218017059 0.922508163514 -0.991090085296 -0.461254081757
2.7021617293835067 1.995867246 0.444568657543 -0.997933623002 -0.222284328771
2.722177742193755 1.999962717 -0.0355072389845 -0.999981358498 0.0177536194923
2.742193755004003 1.99444677773 -0.515412494884 -0.997223388866 0.257706247442
2.762209767814251 1.97934611086 -0.992840713682 -0.989673055428 0.496420356841
2.7822257806244997 1.95473316914 -1.46549757383 -0.977366584571 0.732748786913
2.8022417934347477 1.92072621166 -1.93111159614 -0.960363105832 0.965555798069
2.822257806244996 1.87748871795 -2.3874451261 -0.938744358977 1.19372256305
2.842273819055244 1.8252284615 -2.83230515575 -0.912614230751 1.41615257788
2.8622898318654926 1.76419657893 -3.26355377537 -0.882098289465 1.63177688768
2.8823058446757406 1.6946863904 -3.67911851212 -0.847343195198 1.83955925606
2.9023218574859886 1.61703194345 -4.07700231586 -0.808515971726 2.03850115793
2.922337870296237 1.53160642826 -4.45529291222 -0.76580321413 2.22764645611
2.942353883106485 1.43882037762 -4.81217256594 -0.719410188809 2.40608628297
2.9623698959167335 1.33911965974 -5.14592618535 -0.669559829871 2.57296309268
2.9823859087269815 1.23298343908 -5.4549496925 -0.616491719542 2.72747484625
3.00240192153723 1.12092179172 -5.73775795177 -0.560460895858 2.86887897589
3.022417934347478 1.00347322824 -5.99299193205 -0.501736614122 2.99649596603
3.042433947157726 0.881201835703 -6.21942561121 -0.440600917852 3.1097128056
3.0624499599679744 0.754695704208 -6.41596975512 -0.377347852104 3.20798487756
3.0824659727782224 0.624563317831 -6.58167823362 -0.312281658916 3.29083911681
3.102481985588471 0.491429378201 -6.71575712328 -0.245714689101 3.35787856164
3.122497998398719 0.355933551618 -6.81756232891 -0.177966775809 3.40878116445
3.1425140112089673 0.218727215418 -6.88660398546 -0.109363607709 3.44330199273
3.1625300240192153 0.0804697083564 -6.9225501063 -0.0402348541782 3.46127505315
3.1825460368294634 -0.0581745084159 -6.92522840928 0.029087254208 3.46261420464
3.202562049639712 -0.196539139647 -6.89462605131 0.0982695698236 3.44731302566
3.22257806244996 -0.333959249296 -6.8308897462 0.166979624648 3.4154448731
3.2425940752602083 -0.46977443072 -6.734325792 0.23488721536 3.367162896
3.2626100880704563 -0.603331988929 -6.60539825816 0.301665994465 3.30269912908
3.2826261008807047 -0.733990109535 -6.44472668459 0.366995054767 3.22236334229
3.3026421136909527 -0.861120926682 -6.25308317072 0.430560463341 3.12654158536
3.322658126501201 -0.984113403871 -6.0313887483 0.492056701936 3.01569437415
3.342674139311449 -1.10237645119 -5.78070885207 0.551188225596 2.89035442604
3.362690152121697 -1.21534172467 -5.50224819348 0.607670862336 2.75112409674
3.3827061649319456 -1.32246645562 -5.19734463154 0.661233227811 2.59867231577
3.4027221777421937 -1.42323597002 -4.86746284475 0.71161798501 2.43373142237
3.422738190552442 -1.51716506468 -4.51419071162 0.758582532338 2.25709535581
3.44275420336269 -1.60380246942 -4.13922514383 0.801901234708 2.06961257191
3.4627702161729386 -1.68273301292 -3.74436687335 0.841366506459 1.87218343668
3.4827862289831866 -1.75357664086 -3.33151394789 0.87678832043 1.66575697394
3.5028022417934346 -1.81599308647 -2.90265068554 0.907996543234 1.45132534277
3.522818254603683 -1.86968221196 -2.45983776726 0.934841105982 1.22991888363
3.542834267413931 -1.91438621411 -2.00520368532 0.957193107057 1.00260184266
3.5628502802241795 -1.94989004314 -1.54093293028 0.974945021568 0.770466465138
3.5828662930344275 -1.97602322402 -1.06925704819 0.988011612008 0.534628524096
3.602882305844676 -1.99265999853 -0.592442507003 0.996329999263 0.296221253502
3.622898318654924 -1.99972062093 -0.11278099964 0.999860310463 0.05639049982
3.642914331465172 -1.99717095917 0.367422523049 0.998585479587 -0.183711261525
3.6629303442754204 -1.98502345719 0.845860174631 0.992511728595 -0.422930087316
3.6829463570856684 -1.96333630485 1.32023279285 0.981668152427 -0.660116396424
3.702962369895917 -1.93221391853 1.78826059962 0.966106959264 -0.894130299812
3.722978382706165 -1.89180567817 2.24769437511 0.945902839086 -1.12384718756
3.7429943955164133 -1.8423059597 2.69632622296 0.921152979851 -1.34816311148
3.7630104083266613 -1.78395247125 3.13200005217 0.891976235623 -1.56600002609
3.7830264211369093 -1.71702581908 3.55262222858 0.858512909539 -1.77631111429
3.803042433947158 -1.64184747336 3.95617119822 0.82092373668 -1.97808559911
3.823058446757406 -1.55877888134 4.3407077789 0.779389440668 -2.17035388945
3.8430744595676543 -1.46821910409 4.70438377575 0.734109552045 -2.35219188787
3.8630904723779023 -1.3706035355 5.04545178387 0.685301767748 -2.52272589193
3.8831064851881507 -1.26640116479 5.36227249947 0.633200582394 -2.68113624973
3.9031224979983987 -1.15611275112 5.65332331416 0.57805637556 -2.82666165708
3.9231385108086467 -1.04026836215 5.91720564284 0.520134181076 -2.95860282142
3.943154523618895 -0.919424676927 6.15265114601 0.459712338464 -3.076325573
3.963170536429143 -0.794162490443 6.35852858259 0.397081245222 -3.1792642913
3.9831865492393916 -0.665083726222 6.53384826446 0.332541863111 -3.26692413223
4.00320256204964 -0.532808762798 6.6777679379 0.266404381399 -3.33888396895
4.023218574859888 -0.397973241142 6.78959573994 0.198986620571 -3.39479786997
4.0432345876701365 -0.261225169286 6.86879435021 0.130612584643 -3.4343971751
4.0632506004803846 -0.123221719855 6.9149831647 0.0616108599275 -3.45749158235
4.083266613290633 0.0153739250822 6.92793963629 -0.00768696254112 -3.46396981815
4.103282626100881 0.153895656807 6.90760224109 -0.0769478284035 -3.45380112054
4.123298638911129 0.291677759856 6.85406848854 -0.145838879928 -3.42703424427
4.1433146517213775 0.428058114592 6.76759567033 -0.214029057296 -3.38379783517
4.1633306645316255 0.56238129088 6.64859947194 -0.28119064544 -3.32429973597
4.1833466773418735 0.694001771869 6.49765147016 -0.347000885935 -3.24882573508
4.2033626901521215 0.822287018197 6.31547763563 -0.411143509098 -3.15773881781
4.2233787029623695 0.946620502592 6.10295273414 -0.473310251296 -3.05147636707
4.243394715772618 1.06640476067 5.86109897188 -0.533202380334 -2.93054948594
4.263410728582866 1.18106405573 5.59107769072 -0.590532027863 -2.79553884536
4.283426741393114 1.29004747365 5.29418756636 -0.645023736823 -2.64709378318
4.303442754203362 1.39283112773 4.97185437688 -0.696415563863 -2.48592718844
4.323458767013611 1.48892122883 4.6256281534 -0.744460614415 -2.3128140767
4.343474779823859 1.57785581072 4.2571718843 -0.788927905361 -2.12858594215
4.363490792634107 1.65920766651 3.86825708949 -0.829603833253 -1.93412854474
4.383506805444355 1.73258564702 3.46075212197 -0.866292823512 -1.73037606098
4.403522818254603 1.7976372964 3.0366158967 -0.898818648201 -1.51830794835
4.423538831064852 1.8540498407 2.59788634575 -0.927024920348 -1.29894317287
4.4435548438751 1.90155230494 2.1466721458 -0.950776152469 -1.0733360729
4.463570856685348 1.93991632679 1.6851416772 -0.969958163397 -0.8425708386
4.483586869495596 1.96895751366 1.21551283984 -0.984478756829 -0.607756419921
4.503602882305844 1.98853658618 0.740042982446 -0.994268293092 -0.370021491223
4.523618895116093 1.99855939241 0.261017337804 -0.999279696205 -0.130508668902
4.543634907926341 1.99897751189 -0.219263195769 -0.999488755944 0.109631597885
4.563650920736589 1.98978894564 -0.698490414182 -0.99489447282 0.349245207091
4.583666933546837 1.97103792502 -1.1743608541 -0.985518962508 0.58718042705
4.603682946357086 1.94281454112 -1.64458786312 -0.971407270562 0.822293931559
4.623698959167334 1.90525437087 -2.10691210827 -0.952627185435 1.05345605414
4.643714971977582 1.85853802518 -2.55910994069 -0.929269012592 1.27955497034
4.66373098478783 1.8028898991 -2.99900843693 -0.901444949548 1.49950421846
4.683746997598078 1.73857760029 -3.42449505059 -0.869288800146 1.7122475253
4.703763010408327 1.66591001217 -3.83352410275 -0.832955006086 1.91676205138
4.723779023218575 1.58523655136 -4.22413033523 -0.79261827568 2.11206516762
4.743795036028823 1.49694471942 -4.59443616647 -0.74847235971 2.29721808324
4.763811048839071 1.40145903908 -4.94266243264 -0.700729519541 2.47133121632
4.783827061649319 1.2992381961 -5.26713517928 -0.649619098049 2.63356758964
4.803843074459568 1.19077362093 -5.56629548679 -0.595386810466 2.78314774339
4.823859087269816 1.07658640124 -5.83870516986 -0.538293200621 2.91935258493
4.843875100080064 0.957225448499 -6.08305562239 -0.47861272425 3.04152781119
4.863891112890312 0.833264210806 -6.29817177917 -0.416632105403 3.14908588959
4.883907125700561 0.70529856791 -6.48302059548 -0.352649283955 3.24151029774
4.903923138510809 0.57394368585 -6.63671431105 -0.286971842925 3.31835715553
4.923939151321057 0.439830740758 -6.75851387373 -0.219915370379 3.37925693687
4.943955164131305 0.303603764802 -6.84783320334 -0.151801882401 3.42391660167
4.963971176941553 0.165917655134 -6.90424334608 -0.0829588275668 3.45212167304
4.983987189751802 0.0274343175186 -6.92747345228 -0.0137171587593 3.46373672614
5.00400320256205 -0.111180895697 -6.91741173201 0.0555904478486 3.45870586601
5.024019215372298 -0.249261840421 -6.87410640743 0.12463092021 3.43705320371
5.044035228182546 -0.386144865355 -6.79776584966 0.193072432678 3.39888292483
5.064051240992794 -0.521172166443 -6.68875680473 0.260586083222 3.34437840237
5.084067253803043 -0.653694833623 -6.5476031358 0.326847416812 3.2738015679
5.104083266613291 -0.783075993902 -6.37498332113 0.391537996951 3.18749166057
5.124099279423539 -0.908693865485 -6.17172678354 0.454346932742 3.08586339177
5.144115292233787 -1.02994476429 -5.93881041283 0.514972382143 2.96940520642
5.164131305044036 -1.14624599216 -5.67735356827 0.573122996082 2.83867678413
5.184147317854284 -1.25703861615 -5.38861264188 0.628519308077 2.69430632094
5.204163330664532 -1.36179021521 -5.07397540029 0.680895107603 2.53698770014
5.22417934347478 -1.45999735839 -4.73495379199 0.729998679193 2.36747689599
5.244195356285028 -1.55118794586 -4.37317651348 0.775593972931 2.18658825674
5.2642113690952765 -1.63492385076 -3.99038273553 0.817461925382 1.99519136777
5.2842273819055245 -1.71080273666 -3.58841257643 0.855401368332 1.79420628822
5.3042433947157726 -1.77845973823 -3.16919692879 0.889229869114 1.5845984644
5.324259407526021 -1.83757004288 -2.73475149391 0.918785021438 1.36737574696
5.3442754203362695 -1.88784919507 -2.28716309372 0.943924597535 1.14358154686
5.3642914331465175 -1.92905595089 -1.82858362908 0.964527975443 0.91429181454
5.3843074459567655 -1.96099196465 -1.36121636465 0.980495982323 0.680608182325
5.4043234587670135 -1.98350395726 -0.887307576677 0.991751978632 0.443653788338
5.4243394715772615 -1.99648370643 -0.409134810547 0.998241853213 0.204567405274
5.44435548438751 -1.99986869022 0.0710041906375 0.99993434511 -0.0355020953187
5.464371497197758 -1.99364320001 0.550801489698 0.996821600007 -0.275400744849
5.484387510008006 -1.97783672391 1.02795178187 0.988918361957 -0.513975890936
5.504403522818254 -1.95252512567 1.50016207742 0.976262562834 -0.750081038712
5.524419535628502 -1.91783021173 1.96516285336 0.958915105867 -0.98258142668
5.544435548438751 -1.8739186582 2.42071953076 0.936959329102 -1.21035976538
5.564451561248999 -1.82100148569 2.86464279233 0.910500742844 -1.43232139616
5.584467574059247 -1.75933301388 3.29479923259 0.879666506938 -1.64739961629
5.604483586869495 -1.6892096132 3.70912165273 0.844604806601 -1.85456082637
5.624499599679744 -1.61096826666 4.10561889539 0.805484133328 -2.0528094477
5.644515612489992 -1.52498498397 4.48238547806 0.762492491987 -2.24119273903
5.66453162530024 -1.43167299619 4.83761078738 0.715836498096 -2.41880539369
5.684547638110488 -1.33148072676 5.16958767235 0.665740363378 -2.58479383617
5.704563650920736 -1.22488967195 5.47672071151 0.612444835974 -2.73836035575
5.724579663730985 -1.11241202183 5.75753365062 0.556206010916 -2.87876682531
5.744595676541233 -0.994588250557 6.01067665744 0.497294125279 -3.00533832872
5.764611689351481 -0.871984906781 6.2349343157 0.435992453391 -3.11746715785
5.784627702161729 -0.745191245942 6.42922877656 0.372595622971 -3.21461438828
5.804643714971977 -0.614816417834 6.59262596817 0.307408208917 -3.29631298408
5.824659727782226 -0.481486750342 6.72434044447 0.240743375171 -3.36217022224
5.844675740592474 -0.345843299599 6.82373951572 0.172921649799 -3.41186975786
5.864691753402722 -0.208537744963 6.89034528331 0.104268872481 -3.44517264166
5.88470776621297 -0.070230016667 6.92383762224 0.0351150083335 -3.46191881112
5.904723779023219 0.0684151956757 6.9240556295 -0.0342075978379 -3.46202781475
5.924739791833467 0.206731760336 6.89099833047 -0.103365880168 -3.44549916523
5.944755804643715 0.344054863795 6.82482452271 -0.172027431898 -3.41241226136
5.964771817453963 0.479724459273 6.72585218717 -0.239862229636 -3.36292609359
5.984787830264211 0.613088585017 6.59455699726 -0.306544292508 -3.29727849863
6.00480384307446 0.743506399932 6.4315699738 -0.371753199966 -3.2157849869
6.024819855884708 0.870351092782 6.23767436313 -0.435175546391 -3.11883718156
6.044835868694956 0.993013079934 6.01380193574 -0.496506539967 -3.00690096787
6.064851881505204 1.11090287346 5.76102860807 -0.555451436729 -2.88051430404
6.084867894315452 1.22345394502 5.48056915933 -0.61172697251 -2.74028457966
6.104883907125701 1.33012538103 5.17377140646 -0.665062690515 -2.58688570323
6.124899919935949 1.4304045517 4.84210971912 -0.71520227585 -2.42105485956
6.144915932746197 1.523809532 4.48717801248 -0.761904766002 -2.24358900624
6.164931945556445 1.60989145213 4.11068199441 -0.804945726064 -2.05534099721
6.184947958366694 1.68823661205 3.71443102491 -0.844118306023 -1.85721551245
6.204963971176942 1.758468465 3.30032953587 -0.879234232501 -1.65016476793
6.22497998398719 1.8202494521 2.87036776961 -0.910124726048 -1.4351838848
6.244995996797438 1.87328280213 2.4266115833 -0.936641401064 -1.21330579165
6.265012009607686 1.91731364642 1.97119364761 -0.958656823212 -0.985596823805
6.285028022417935 1.95213026006 1.50630307083 -0.976065130031 -0.753151535417
6.305044035228183 1.97756544421 1.03417339036 -0.988782722106 -0.51708669518
6.325060048038431 1.99349702647 0.557073257216 -0.996748513236 -0.278536628608
6.345076060848679 1.99984835538 0.0772959404377 -0.999924177691 -0.0386479702189
6.365092073658927 1.99658885814 -0.402852782539 -0.99829442907 0.20142639127
6.385108086469176 1.9837342098 -0.881065389321 -0.991867104901 0.440532694661
6.405124099279424 1.96134624432 -1.35504395545 -0.980673122162 0.677521977725
6.425140112089672 1.92953252905 -1.82251050336 -0.964766264527 0.911255251681
6.44515612489992 1.88844591894 -2.28121849136 -0.94422295947 1.14060924568
6.4651721377101685 1.83828388034 -2.72896342278 -0.919141940172 1.36448171139
6.4851881505204165 1.77928749612 -3.16359366711 -0.88964374806 1.58179683355
6.5052041633306645 1.7117402864 -3.58302039637 -0.855870143201 1.79151019818
6.5252201761409125 1.63596684965 -3.98522801098 -0.817983424823 1.99261400549
6.5452361889511605 1.55233134706 -4.36828352076 -0.77616567353 2.18414176038
6.5652522017614094 1.46123570822 -4.73034614056 -0.730617854109 2.36517307028
6.5852682145716575 1.36311772567 -5.06967580305 -0.681558862835 2.53483790153
6.6052842273819055 1.25844891481 -5.3846418424 -0.629224457406 2.6923209212
6.6253002401921535 1.14773230456 -5.67373053586 -0.573866152281 2.83686526793
6.645316253002402 1.03149997812 -5.93555258873 -0.515749989062 2.96777629436
6.66533226581265 0.910310601466 -6.16884944776 -0.455155300733 3.08442472388
6.685348278622898 0.784746530996 -6.3725001743 -0.392373265498 3.18625008715
6.705364291433146 0.655411069174 -6.5455266116 -0.327705534587 3.2727633058
6.725380304243394 0.522925981967 -6.68709655593 -0.261462990984 3.34354827797
6.745396317053643 0.387927900049 -6.79652979326 -0.193963950025 3.39826489663
6.765412329863891 0.251065358117 -6.87330098834 -0.125532679058 3.43665049417
6.785428342674139 0.112996221282 -6.91704089878 -0.0564981106408 3.45852044939
6.805444355484387 -0.0256159439451 -6.9275391302 0.0128079719725 3.4637695651
6.825460368294635 -0.164104985937 -6.90474514491 0.0820524929687 3.45237257245
6.845476381104884 -0.30180539691 -6.84876866687 0.150902698455 3.42438433344
6.865492393915132 -0.43805542023 -6.75987873078 0.219027710115 3.37993936539
6.88550840672538 -0.572200247619 -6.63850236175 0.28610012381 3.31925118087
6.905524419535628 -0.703595202422 -6.48522288842 0.351797601211 3.24261144421
6.925540432345877 -0.831608857897 -6.30077701043 0.415804428949 3.15038850522
6.945556445156125 -0.955625993769 -6.08605110718 0.477812996884 3.04302555359
6.965572457966373 -1.0750506203 -5.84207705922 0.537525310148 2.92103852961
6.985588470776621 -1.18930880463 -5.5700273776 0.594654402313 2.7850136888
7.005604483586869 -1.2978514552 -5.27120947728 0.648925727602 2.63560473864
7.025620496397118 -1.40015694141 -4.94705940338 0.700078470704 2.47352970169
7.045636509207366 -1.49573359914 -4.59913491245 0.747866799568 2.29956745622
7.065652522017614 -1.58412212038 -4.22910807561 0.792061060188 2.1145540378
7.085668534827862 -1.66489772061 -3.83875714844 0.832448860304 1.91937857422
7.10568454763811 -1.73767220791 -3.42995801886 0.868836103957 1.71497900943
7.125700560448359 -1.80209584729 -3.00467531582 0.901047923644 1.50233765791
7.145716573258607 -1.85785901836 -2.56495281555 0.928929509178 1.28247640778
7.165732586068855 -1.90469377535 -2.1129038135 0.952346887674 1.05645190675
7.185748598879103 -1.94237500979 -1.65070068596 0.971187504895 0.82535034298
7.205764611689352 -1.97072164256 -1.18056470079 0.98536082128 0.590282350394
7.2257806244996 -1.98959746913 -0.704755237318 0.994798734566 0.352377618659
7.245796637309848 -1.99891174015 -0.225558887802 0.999455870076 0.112779443901
7.265812650120096 -1.99861968181 0.254721433425 0.999309840907 -0.127360716713
7.285828662930344 -1.98872271983 0.733777600798 0.994361359913 -0.366888800399
7.305844675740593 -1.96926842155 1.20930733963 0.984634210773 -0.604653669817
7.325860688550841 -1.94035031161 1.67902540926 0.970175155803 -0.839512704632
7.345876701361089 -1.90210729139 2.14067442013 0.951053645693 -1.07033721006
7.365892714171337 -1.85472325137 2.59203584328 0.927361625686 -1.29601792164
7.385908726981585 -1.79842579308 3.03094046555 0.899212896542 -1.51547023278
7.405924739791834 -1.73348558987 3.45527912211 0.866742794937 -1.72763956106
7.425940752602082 -1.66021461617 3.86301242705 0.830107308087 -1.93150621352
7.44595676541233 -1.57896508524 4.25218105484 0.789482542618 -2.12609052742
7.465972778222578 -1.49012741617 4.62091457615 0.745063708083 -2.31045728807
7.485988791032827 -1.39412861079 4.96744132677 0.697064305395 -2.48372066339
7.506004803843075 -1.29142989976 5.29009585103 0.645714949881 -2.64504792551
7.526020816653323 -1.18252487282 5.5873274194 0.591262436409 -2.7936637097
7.546036829463571 -1.06793691764 5.8577075431 0.53396845882 -2.92885377155
7.566052842273819 -0.948216671599 6.0999369535 0.474108335799 -3.04996847675
7.586068855084068 -0.82393920491 6.31285195015 0.411969602455 -3.15642597508
7.606084867894316 -0.695702061981 6.49542867683 0.347851030991 -3.24771433842
7.626100880704564 -0.56412222949 6.64678798796 0.282061114745 -3.32339399398
7.646116893514812 -0.429831400845 6.76620438078 0.214915700423 -3.38310219039
7.66613290632506 -0.29347464474 6.85310494218 0.14673732237 -3.42655247109
7.6861489191353085 -0.155707546364 6.90707102352 0.0778537731822 -3.45353551176
7.7061649319455565 -0.0171921386253 6.92784331752 0.00859606931265 -3.46392165876
7.7261809447558045 0.121405893381 6.91532214086 -0.0607029466907 -3.45766107043
7.7461969575660525 0.259420476018 6.86956759948 -0.129710238009 -3.43478379974
7.766212970376301 0.396188700556 6.79079954556 -0.198094350278 -3.39539977278
7.786228983186549 0.531052166607 6.67939647553 -0.265526083304 -3.33969823777
7.806244995996797 0.663363878828 6.53589395175 -0.331681939414 -3.26794697587
7.8262610088070454 0.792487639981 6.3609818222 -0.396243819991 -3.1804909111
7.8462770216172935 0.917802896042 6.15550028777 -0.458901448021 -3.07775014388
7.866293034427542 1.03870741194 5.92043686146 -0.519353705972 -2.96021843073
7.88630904723779 1.15462034066 5.65692074987 -0.57731017033 -2.82846037494
7.906325060048038 1.26498424283 5.3662190915 -0.632492121417 -2.68310954575
7.926341072858286 1.36926863555 5.04972896029 -0.684634317775 -2.52486448015
7.946357085668535 1.46697286511 4.70897089391 -0.733486432554 -2.35448544696
7.966373098478783 1.55762714701 4.34558260202 -0.778813573507 -2.17279130101
7.986389111289031 1.64079584675 3.9613104292 -0.820397923374 -1.9806552146
8.00640512409928 1.71607929137 3.55800119249 -0.858039645684 -1.77900059624
8.026421136909528 1.78311564239 3.13759298726 -0.891557821194 -1.56879649363
8.046437149719775 1.84158278064 2.70210635762 -0.920791390319 -1.35105317881
8.066453162530024 1.89119968245 2.253634017 -0.945599841227 -1.1268170085
8.086469175340273 1.93172783855 1.79433115443 -0.965863919276 -0.897165577213
8.10648518815052 1.96297244475 1.32640504401 -0.981486222376 -0.663202522004
8.126501200960769 1.98478371081 0.852105049551 -0.992391855405 -0.426052524775
8.146517213771016 1.99705672073 0.3737106094 -0.998528360365 -0.1868553047
8.166533226581265 1.99973229553 -0.106480132878 -0.999866147763 0.0532400664389
8.186549239391514 1.99279757665 -0.58615949641 -0.996398788325 0.293079748205
8.206565252201761 1.97628594264 -1.06302192156 -0.988142971321 0.531510960782
8.22658126501201 1.95027674601 -1.53477571494 -0.975138373006 0.767387857468
8.246597277822257 1.91489497922 -1.99915375322 -0.957447489611 0.999576876608
8.266613290632506 1.87031066898 -2.45392443544 -0.93515533449 1.22696221772
8.286629303442755 1.81673807268 -2.89690223961 -0.908369036339 1.4484511198
8.306645316253002 1.75443465283 -3.32595821639 -0.877217326417 1.6629791082
8.326661329063251 1.68369982612 -3.73903041005 -0.84184991306 1.86951520503
8.346677341873498 1.60487344594 -4.13413407384 -0.802436722971 2.06706703692
8.366693354683747 1.51833411659 -4.50937123126 -0.759167058294 2.25468561563
8.386709367493996 1.42449837003 -4.86293526448 -0.712249185017 2.43146763224
8.406725380304243 1.3238169974 -5.19312705223 -0.661908498702 2.59656352612
8.426741393114492 1.21677358885 -5.49836379445 -0.608386794424 2.74918189722
8.446757405924739 1.10388259986 -5.77717648923 -0.551941299932 2.88858824461
8.466773418734988 0.98568666345 -6.02822574254 -0.492843331725 3.01411287127
8.486789431545237 0.862753680747 -6.25030445321 -0.431376840373 3.12515222661
8.506805444355484 0.73567458637 -6.44234610888 -0.367837293185 3.22117305444
8.526821457165733 0.605059965132 -6.60342707953 -0.302529982566 3.30171353977
8.54683746997598 0.471537641557 -6.73277377372 -0.235768820778 3.36638688686
8.566853482786229 0.33574919319 -6.82976395219 -0.167874596595 3.41488197609
8.586869495596478 0.198347280058 -6.89393232837 -0.0991736400292 3.44696616418
8.606885508406725 0.0599921699197 -6.92496988473 -0.0299960849599 3.46248494236
8.626901521216974 -0.0786512329463 -6.92272797883 0.0393256164731 3.46136398941
8.646917534027223 -0.216916638306 -6.88721746219 0.108458319153 3.4436087311
8.66693354683747 -0.354139612267 -6.81860827402 0.177069806133 3.40930413701
8.686949559647719 -0.48966067145 -6.71723051756 0.244830335725 3.35861525878
8.706965572457966 -0.622828533229 -6.58357140716 0.311414266614 3.29178570358
8.726981585268215 -0.753003233618 -6.41827317147 0.376501616809 3.20913658573
8.746997598078464 -0.879559177716 -6.22213024317 0.439779588858 3.11106512159
8.76701361088871 -1.00188816647 -5.9960852379 0.500944083236 2.99804261895
8.78702962369896 -1.11940232002 -5.74122445622 0.559701160012 2.87061222811
8.807045636509207 -1.23153689107 -5.45877271183 0.615768445533 2.72938635591
8.827061649319456 -1.337752986 -5.15008740121 0.668876492999 2.5750437006
8.847077662129704 -1.43754015877 -4.8166519831 0.718770079383 2.40832599155
8.867093674939952 -1.53041885011 -4.46006886556 0.765209425054 2.23003443278
8.8871096877502 -1.61594270962 -4.08205170861 0.80797135481 2.04102585431
8.907125700560448 -1.69370073017 -3.68441717902 0.846850365084 1.84220858951
8.927141713370697 -1.7633192252 -3.2690762148 0.881659612602 1.6345381074
8.947157726180945 -1.82446362466 -2.83802484636 0.912231812331 1.41901242318
8.967173738991193 -1.87684007193 -2.39333458646 0.938420035963 1.19666729323
8.987189751801441 -1.92019673605 -1.93714232453 0.960098368027 0.968571162267
9.007205764611689 -1.95432536804 -1.47164063629 0.977162684022 0.735820318145
9.027221777421937 -1.97906215243 -0.999067037708 0.989531076216 0.499533518854
9.047237790232186 -1.99428807769 -0.521692423938 0.997144038844 0.260846211969
9.067253803042433 -1.99992986143 -0.0418102204965 0.999964930714 0.0209051102482
9.087269815852682 -1.9959604274 0.438273119359 0.997980213702 -0.21913655968
9.10728582866293 -1.98239894336 0.916249804842 0.991199471682 -0.458124902421
9.127301841473178 -1.95931050076 1.38982336893 0.979655250379 -0.694911684467
9.147317854283427 -1.92680606288 1.85671785438 0.963403031441 -0.928358927188
9.167333867093674 -1.88504186268 2.31468928927 0.942520931339 -1.15734464463
9.187349879903923 -1.83421859549 2.76153691181 0.917109297747 -1.3807684559
9.207365892714172 -1.77458050746 3.19511325214 0.887290253731 -1.59755662607
9.22738190552442 -1.70641420642 3.61333461206 0.853207103209 -1.80666730603
9.247397918334668 -1.63004728246 4.01419115346 0.815023641229 -2.00709557673
9.267413931144915 -1.54584673734 4.39575644206 0.77292336867 -2.19787822103
9.287429943955164 -1.45421721983 4.75619669385 0.727108609914 -2.37809834692
9.307445956765413 -1.35559907591 5.09377974953 0.677799537957 -2.54688987476
9.32746196957566 -1.25046618876 5.40688317633 0.62523309438 -2.70344158816
9.347477982385909 -1.13932380586 5.6940021622 0.569661902928 -2.8470010811
9.367493995196156 -1.02270615703 5.9537572493 0.511353078514 -2.97687862465
9.387510008006405 -0.901173532856 6.18489954 0.450586766428 -3.09244977
9.407526020816654 -0.775310198912 6.3863190309 0.387655099456 -3.19315951545
9.427542033626901 -0.645720831094 6.55704685111 0.322860415547 -3.27852342556
9.44755804643715 -0.513028389599 6.69626349823 0.256514194799 -3.34813174911
9.467574059247397 -0.377870412094 6.80329895188 0.188935206047 -3.40164947594
9.487590072057646 -0.240896556678 6.87763979538 0.120448278339 -3.43881989769
9.507606084867895 -0.102765000049 6.91892786171 0.0513825000246 -3.45946393085
9.527622097678142 0.0358603666513 6.92696565774 -0.0179301833256 -3.46348282887
9.547638110488391 0.174313340106 6.90171465632 -0.0871566700531 -3.45085732816
9.567654123298638 0.311928635811 6.84329533132 -0.155964317906 -3.42164766566
9.587670136108887 0.44804486683 6.75198879181 -0.224022433415 -3.37599439591
9.607686148919136 0.582007888125 6.62823380391 -0.291003944062 -3.31411690195
9.627702161729383 0.713173917863 6.47262509664 -0.356586958932 -3.23631254832
9.647718174539632 0.840912599507 6.28591051287 -0.420456299753 -3.14295525643
9.66773418734988 0.964610046908 6.06898730385 -0.482305023454 -3.03449365193
9.687750200160128 1.08367180306 5.82289798386 -0.541835901528 -2.91144899193
9.707766212970377 1.19752568967 5.54882523083 -0.598762844834 -2.77441261541
9.727782225780624 1.30562454388 5.24808611617 -0.652812271939 -2.62404305809
9.747798238590873 1.40744886924 4.92212594037 -0.703724434621 -2.46106297018
9.767814251401122 1.50250933273 4.57251123472 -0.751254666363 -2.28625561736
9.787830264211369 1.59034908071 4.20092209692 -0.795174540357 -2.10046104846
9.807846277021618 1.6705458638 3.80914395464 -0.835272931899 -1.90457197732
9.827862289831865 1.74271430977 3.39905977385 -0.871357154887 -1.69952988692
9.847878302642114 1.80650788398 2.97264136083 -0.903253941988 -1.48632068041
9.867894315452363 1.8616198748 2.53193775783 -0.930809937398 -1.26596887892
9.88791032826261 1.90778534177 2.07906588471 -0.953892670886 -1.03953294236
9.907926341072859 1.94478245317 1.61620244888 -0.972391226586 -0.808101224439
9.927942353883106 1.97243343044 1.14557215296 -0.986216715219 -0.572786076478
9.947958366693355 1.99060533391 0.669436205437 -0.995302666956 -0.334718102719
9.967974379503604 1.99921085147 0.190083316101 -0.999605425735 -0.0950416580504
9.98799039231385 1.99820864611 -0.290183320941 -0.999104323053 0.145091660471
10.0080064051241 1.98760352642 -0.769055590837 -0.99380176321 0.384527795418
10.028022417934347 1.96744645528 -1.24423196728 -0.983723227641 0.622115983642
10.048038430744596 1.93783430191 -1.71342885975 -0.968917150954 0.856714429875
10.068054443554844 1.89890937495 -2.17439141802 -0.949454687473 1.08719570901
10.088070456365092 1.85085873892 -2.62490436543 -0.92542936946 1.31245218271
10.10808646917534 1.79391331362 -3.06280264312 -0.896956656812 1.53140132156
10.128102481985588 1.7283467358 -3.48598195578 -0.864173367902 1.74299097789
10.148118494795836 1.65447409099 -3.89240869653 -0.827237045494 1.94620434826
10.168134507606085 1.57265040115 -4.28012953015 -0.786325200573 2.14006476508
10.188150520416333 1.48326888948 -4.64728111206 -0.74163444474 2.32364055603
10.208166533226581 1.38675914194 -4.99209880094 -0.693379570971 2.49604940047
10.22818254603683 1.28358485305 -5.31292589194 -0.641792426524 2.65646294597
10.248198558847077 1.17424190323 -5.60822021757 -0.587120951614 2.80411010879
10.268214571657326 1.05925555887 -5.87656313339 -0.529627779433 2.9382815667
10.288230584467573 0.9391792782 -6.11666261343 -0.4695896391 3.05833130672
10.308246597277822 0.81458979384 -6.32736539567 -0.40729489692 3.16368269784
10.328262610088071 0.686085264415 -6.50766245087 -0.343042632208 3.25383122543
10.348278622898318 0.554283578363 -6.6566848427 -0.277141789182 3.32834242135
10.368294635708567 0.419818143879 -6.77371707161 -0.20990907194 3.3868585358
10.388310648518814 0.283335131258 -6.85819617931 -0.141667565629 3.42909808965
10.408326661329063 0.145490509799 -6.90971680486 -0.0727452548994 3.45485840243
10.428342674139312 0.00694668306187 -6.92803072693 -0.00347334153093 3.46401536346
10.44835868694956 -0.13163047255 -6.91305069269 0.0658152362751 3.45652534634
10.468374699759808 -0.269575043265 -6.86484817063 0.134787521632 3.43242408531
10.488390712570055 -0.406224100091 -6.78365481229 0.203112050046 3.39182740615
10.508406725380304 -0.540920939994 -6.6698608141 0.270460469997 3.33493040705
10.528422738190553 -0.673018243267 -6.52401304063 0.336509121633 3.26200652032
10.5484387510008 -0.801881194537 -6.34681238377 0.400940597268 3.17340619188
10.568454763811049 -0.926890495483 -6.13911043905 0.463445247742 3.06955521953
10.588470776621296 -1.04744538413 -5.90190536394 0.523722692067 2.95095268197
10.608486789431545 -1.16296666622 -5.63633670444 0.58148333311 2.81816835222
10.628502802241794 -1.27289924684 -5.34368037941 0.636449623421 2.6718401897
10.648518815052041 -1.37671394898 -5.02534465322 0.688356974489 2.51267232661
10.66853482786229 -1.47391211376 -4.6828585577 0.736956056882 2.34142927885
10.688550840672539 -1.5640274552 -4.31786756389 0.782013727599 2.15893378195
10.708566853482786 -1.64662633578 -3.93212577761 0.823313167888 1.9660628888
10.728582866293035 -1.72131200787 -3.52748730072 0.860656003934 1.76374365036
10.748598879103282 -1.78772537546 -3.10589633235 0.893862687729 1.55294816617
10.768614891913531 -1.84554746764 -2.66937943744 0.92277373382 1.33468971872
10.78863090472378 -1.89450020944 -2.22003396765 0.947250104722 1.11001698383
10.808646917534027 -1.93434849283 -1.76001979614 0.967174246413 0.880009898069
10.828662930344276 -1.96490065195 -1.29154728461 0.982450325977 0.645773642303
10.848678943154523 -1.9860100763 -0.816868147913 0.993005038148 0.408434073956
10.868694955964772 -1.9975751225 -0.338263349267 0.998787561252 0.169131674634
10.88871096877502 -1.9995404157 0.141966930172 0.999770207848 -0.0709834650859
10.908726981585268 -1.99189654976 0.621514547236 0.995948274881 -0.310757273618
10.928742994395517 -1.97468006459 1.09807548451 0.987340032293 -0.549037742257
10.948759007205764 -1.94797370531 1.56935943713 0.973986852656 -0.784679718563
10.968775020016013 -1.91190587072 2.03310135217 0.955952935361 -1.01655067609
10.988791032826262 -1.86664982766 2.48707281918 0.933324913831 -1.24353640959
11.008807045636509 -1.81242311167 2.92909190738 0.906211555834 -1.46454595369
11.028823058446758 -1.74948630745 3.35703463772 0.874743153723 -1.67851731886
11.048839071257005 -1.67814188793 3.76884418889 0.839070943967 -1.88442209444
11.068855084067254 -1.59873271587 4.16254162958 0.799366357937 -2.08127081479
11.088871096877503 -1.51164042883 4.53623482548 0.755820214417 -2.26811741274
11.10888710968775 -1.41728358527 4.88812802161 0.708641792637 -2.44406401081
11.128903122497999 -1.31611555671 5.21652997336 0.658057778356 -2.60826498668
11.148919135308246 -1.20862262906 5.51986251651 0.604311314531 -2.75993125825
11.168935148118495 -1.09532133283 5.7966679854 0.547660666416 -2.8983339927
11.188951160928744 -0.976756189839 6.04561596139 0.48837809492 -3.0228079807
11.20896717373899 -0.853496956654 6.26551011702 0.426748478327 -3.13275505851
11.22898318654924 -0.726135993441 6.45529348244 0.36306799672 -3.22764674122
11.248999199359488 -0.595285413339 6.61405435838 0.29764270667 -3.30702717919
11.269015212169736 -0.461574002917 6.74102938004 0.230787001459 -3.37051469002
11.289031224979984 -0.325644424454 6.83560880568 0.162822212227 -3.41780440284
11.309047237790232 -0.188149862225 6.89733766591 0.0940749311123 -3.44866883296
11.32906325060048 -0.0497511379932 6.9259197451 0.0248755689966 -3.46295987255
11.34907926341073 0.0888866785299 6.92121728832 -0.044443339265 -3.46060864416
11.369095276220976 0.227097294779 6.88325326053 -0.113548647389 -3.44162663027
11.389111289031225 0.364216526383 6.81220979244 -0.182108263191 -3.40610489622
11.409127301841473 0.499585401339 6.70842916201 -0.249792700669 -3.35421458101
11.429143314651721 0.632553394759 6.57240913471 -0.316276697379 -3.28620456736
11.44915932746197 0.762481480421 6.40480375632 -0.381240740211 -3.20240187816
11.469175340272217 0.888745261406 6.20641839469 -0.444372630703 -3.10320919734
11.489191353082466 1.01073794181 5.97820645857 -0.505368970904 -2.98910322929
11.509207365892713 1.12787325434 5.72126467673 -0.563936627169 -2.86063233837
11.529223378702962 1.2395882921 5.43682778036 -0.61979414605 -2.71841389018
11.549239391513211 1.34534620598 5.12626264483 -0.672673102991 -2.56313132241
11.569255404323458 1.44463876443 4.79106170515 -0.722319382216 -2.39553085257
11.589271417133707 1.5369887388 4.43283591693 -0.768494369398 -2.21641795846
11.609287429943954 1.62195229225 4.05330688393 -0.810976146126 -2.02665344197
11.629303442754203 1.69912108443 3.6542986448 -0.849560542215 -1.8271493224
11.649319455564452 1.76812431312 3.23772842535 -0.884062156558 -1.61886421267
11.6693354683747 1.82863045858 2.80559726597 -0.914315229288 -1.40279863298
11.689351481184948 1.88034821563 2.35998511753 -0.940174107813 -1.17999255877
11.709367493995195 1.92302898955 1.90303291432 -0.961514494775 -0.951516457158
11.729383506805444 1.95646867384 1.43693385694 -0.978234336922 -0.718466928472
11.749399519615693 1.9805059468 0.963929219919 -0.990252973399 -0.481964609959
11.76941553242594 1.99502546989 0.486292165094 -0.997512734945 -0.243146082547
11.789431545236189 1.9999572836 0.00631802253552 -0.999978641799 -0.00315901126776
11.809447558046438 1.99527800113 -0.473686372284 -0.997639000565 0.236843186142
11.829463570856685 1.98100985609 -0.951414361772 -0.990504928043 0.475707180886
11.849479583666934 1.95722145715 -1.42457007312 -0.978610728574 0.712285036562
11.869495596477181 1.92402711467 -1.89087963712 -0.962013557335 0.945439818561
11.88951160928743 1.88158633823 -2.34810218915 -0.940793169116 1.17405109458
11.909527622097679 1.83010307749 -2.79404055791 -0.915051538747 1.39702027896
11.929543634907926 1.76982475786 -3.22655143481 -0.884912378932 1.6132757174
11.949559647718175 1.70104106514 -3.64355624604 -0.850520532571 1.82177812302
11.969575660528422 1.62408255818 -4.04305095828 -0.812041279088 2.02152547914
11.989591673338671 1.53931901931 -4.42311594905 -0.769659509654 2.21155797453
12.00960768614892 1.44715754203 -4.78192559405 -0.723578771014 2.39096279702
12.029623698959167 1.34804171779 -5.11775249279 -0.674020858894 2.55887624639
12.049639711769416 1.24244778625 -5.42898224277 -0.621223893123 2.71449112138
12.069655724579663 1.13088282664 -5.71412351003 -0.565441413321 2.85706175502
12.089671737389912 1.01388304876 -5.97180399242 -0.506941524378 2.98590199621
12.10968775020016 0.892010833939 -6.20078568638 -0.446005416969 3.10039284319
12.129703763010408 0.765851761936 -6.39996756186 -0.382925880968 3.19998378093
12.149719775820657 0.636012255935 -6.56839314333 -0.318006127968 3.28419657166
12.169735788630904 0.503116183819 -6.70525230122 -0.25155809191 3.35262615061
12.189751801441153 0.367802321058 -6.80988784157 -0.183901160529 3.40494392078
12.209767814251402 0.230720868246 -6.88179626444 -0.115360434123 3.44089813222
12.229783827061649 0.0925306769482 -6.92063277468 -0.0462653384741 3.46031638734
12.249799839871898 -0.046104200798 -6.92620998272 0.023052100399 3.46310499136
12.269815852682147 -0.184517475565 -6.8985018195 0.0922587377825 3.44925090975
12.289831865492394 -0.322043994681 -6.83764069881 0.161021997341 3.4188203494
12.309847878302643 -0.458022822717 -6.74391988002 0.229011411358 3.37195994001
12.32986389111289 -0.591800477724 -6.61778899842 0.295900238862 3.30889449921
12.349879903923139 -0.722734071436 -6.45985497601 0.361367035718 3.22992748801
12.369895916733388 -0.850194337976 -6.27087605196 0.425097168988 3.13543802598
12.389911929543635 -0.973568778432 -6.05176117198 0.486784389216 3.02588058599
12.409927942353884 -1.09226442559 -5.80356261556 0.546132212796 2.90178130778
12.42994395516413 -1.20571093025 -5.52747389219 0.602855465124 2.7637369461
12.44995996797438 -1.31336300874 -5.22482112201 0.656681504368 2.61241056101
12.469975980784628 -1.41470343601 -4.89705959705 0.707351718004 2.44852979853
12.489991993594876 -1.50924512222 -4.54576397305 0.754622561109 2.27288198653
12.510008006405124 -1.59653371771 -4.17262241964 0.798266858853 2.08631120982
12.530024019215372 -1.67614975266 -3.77942828444 0.838074876332 1.88971414222
12.55004003202562 -1.74771058159 -3.36807109719 0.873855290797 1.6840355486
12.57005604483587 -1.81087235216 -2.94052785202 0.905436176082 1.47026392601
12.590072057646116 -1.86533146381 -2.49885307295 0.932665731903 1.24942653647
12.610088070456365 -1.91082625095 -2.04516948313 0.955413125474 1.02258474157
12.630104083266612 -1.94713805221 -1.58165730157 0.973569026103 0.790828650784
12.650120096076861 -1.97409234682 -1.11054405897 0.987046173408 0.555272029487
12.67013610888711 -1.99155961805 -0.634093835788 0.995779809024 0.317046917894
12.690152121697357 -1.99945571206 -0.1545961615 0.999727856028 0.07729808075
12.710168134507606 -1.99774307449 0.325644231932 0.998871537245 -0.162822115966
12.730184147317853 -1.98642992686 0.804319465202 0.99321496343 -0.402159732601
12.750200160128102 -1.96557033892 1.2791294844 0.982785169458 -0.639564742201
12.770216172938351 -1.93526471778 1.74779225154 0.96763235889 -0.873896125772
12.790232185748598 -1.89565867791 2.20805551042 0.947829338956 -1.10402775521
12.810248198558847 -1.84694254047 2.65770737993 0.923471270237 -1.32885368996
12.830264211369096 -1.78935044814 3.09458692555 0.894675224071 -1.54729346277
12.850280224179343 -1.72315915886 3.51659460678 0.861579579432 -1.75829730339
12.870296236989592 -1.64868676724 3.92170234523 0.824343383618 -1.96085117262
12.89031224979984 -1.56629118704 4.30796330905 0.783145593518 -2.15398165452
12.910328262610088 -1.47636838536 4.67352121732 0.73818419268 -2.33676060866
12.930344275420337 -1.37935050093 5.01661926113 0.689675250465 -2.50830963056
12.950360288230584 -1.27570378931 5.33560861338 0.637851894657 -2.66780430669
12.970376301040833 -1.16592632051 5.62895617678 0.582963160257 -2.81447808839
12.99039231385108 -1.05054554329 5.89525172425 0.525272771645 -2.94762586212
13.010408326661329 -0.930116182934 6.1332163043 0.465058091467 -3.06660815215
13.030424339471578 -0.805217145112 6.34170662796 0.402608572556 -3.17085331398
13.050440352281825 -0.676448526325 6.51972033841 0.338224263162 -3.2598601692
13.070456365092074 -0.544428874249 6.66640168813 0.272214437124 -3.33320084407
13.090472377902321 -0.409792924228 6.78104603803 0.204896462114 -3.39052301901
13.11048839071257 -0.273187578137 6.8631022931 0.136593789068 -3.43155114655
13.130504403522819 -0.135269339809 6.91217603338 0.0676346699046 -3.45608801669
13.150520416333066 0.00329893590773 6.92803147758 -0.00164946795386 -3.46401573879
13.170536429143315 0.141851471653 6.91059249608 -0.0709257358265 -3.45529624804
13.190552441953562 0.279722319743 6.85994284555 -0.139861159871 -3.42997142278
13.210568454763811 0.416248887494 6.77632593092 -0.208124443747 -3.38816296546
13.23058446757406 0.55077506154 6.6601435963 -0.27538753077 -3.33007179815
13.250600480384307 0.682654340819 6.5119541865 -0.34132717041 -3.25597709325
13.270616493194556 0.811252944719 6.33246986521 -0.40562647236 -3.1662349326
13.290632506004805 0.935952858846 6.12255319241 -0.467976429423 -3.0612765962
13.310648518815052 1.0561548 5.88321294262 -0.528077399999 -2.94160647131
13.3306645316253 1.17128110989 5.61559936844 -0.585640554947 -2.80779968422
13.350680544435548 1.28077851834 5.32099855281 -0.640389259172 -2.6604992764
13.370696557245797 1.38412080589 5.0008262751 -0.692060402947 -2.50041313755
13.390712570056046 1.48081133341 4.65662120835 -0.740405666706 -2.32831060417
13.410728582866293 1.57038543122 4.29003753033 -0.785192715611 -2.14501876516
13.430744595676542 1.65241262889 3.90283695821 -0.826206314446 -1.9514184791
13.450760608486789 1.72649869808 3.4968802173 -0.863249349042 -1.74844010865
13.470776621297038 1.79228744186 3.07411784726 -0.896143720928 -1.53705892363
13.490792634107287 1.84946291905 2.6365821972 -0.924731459525 -1.3182910986
13.510808646917534 1.89775023532 2.18637576744 -0.948875117662 -1.09318788372
13.530824659727783 1.93691732226 1.72566203382 -0.96845866113 -0.862831016909
13.55084067253803 1.96677616388 1.25665557026 -0.983388081941 -0.628327785128
13.570856685348279 1.98718292627 0.781609713106 -0.993591463133 -0.390804856553
13.590872698158527 1.99804004698 0.302808123051 -0.999020023488 -0.151404061525
13.610888710968775 1.99929507019 -0.177448554684 -0.999647535096 0.0887242773422
13.630904723779024 1.99094195384 -0.656852498892 -0.995470976921 0.328426249446
13.65092073658927 1.97302075177 -1.13309976768 -0.986510375884 0.566549883841
13.67093674939952 1.94561732431 -1.60390160379 -0.972808662156 0.801950801897
13.690952762209768 1.90886375944 -2.06699528657 -0.954431879719 1.03349764329
13.710968775020016 1.86293627696 -2.52015516937 -0.931468138478 1.26007758469
13.730984787830264 1.80805622518 -2.96120347838 -0.90402811259 1.48060173919
13.751000800640512 1.74448695659 -3.38802049281 -0.872243478293 1.6940102464
13.77101681345076 1.67253429211 -3.79855520397 -0.836267146055 1.89927760199
13.79103282626101 1.59254388758 -4.19083474305 -0.796271943788 2.09541737153
13.811048839071256 1.50490003231 -4.5629736672 -0.752450016153 2.2814868336
13.831064851881505 1.41002416316 -4.91318414192 -0.705012081579 2.45659207096
13.851080864691754 1.30837186592 -5.23978235703 -0.654185932961 2.61989117852
13.871096877502001 1.20043205301 -5.54119961066 -0.600216026505 2.77059980533
13.89111289031225 1.08672315686 -5.81598660243 -0.543361578432 2.90799330121
13.911128903122497 0.96779187368 -6.06282330976 -0.48389593684 3.03141165488
13.931144915932746 0.844209679388 -6.28052338362 -0.422104839694 3.14026169181
13.951160928742995 0.716570420203 -6.46804017398 -0.358285210102 3.23402008699
13.971176941553242 0.585487666331 -6.62447350152 -0.292743833166 3.31223675076
13.991192954363491 0.451591152079 -6.74907029952 -0.22579557604 3.37453514976
14.011208967173738 0.315524611861 -6.84123358387 -0.157762305931 3.42061679194
14.031224979983987 0.177941836813 -6.90051986984 -0.0889709184063 3.45025993492
14.051240992794236 0.0395040020423 -6.92664407779 -0.0197520010212 3.46332203889
14.071257005604483 -0.0991236388364 -6.91948060237 0.0495618194182 3.45974030119
14.091273018414732 -0.237274915597 -6.87906368134 0.118637457799 3.43953184067
14.11128903122498 -0.37428590081 -6.80558724843 0.187142950405 3.40279362422
14.131305044035228 -0.509498115398 -6.6994048521 0.254749057699 3.34970242605
14.151321056845477 -0.642261759658 -6.56102681823 0.321130879829 3.28051340912
14.171337069655724 -0.771938796844 -6.39111799767 0.385969398422 3.19555899883
14.191353082465973 -0.897906013729 -6.19049478422 0.448953006864 3.09524739211
14.21136909527622 -1.01955809304 -5.96012164955 0.50977904652 2.98006082477
14.231385108086469 -1.13631033772 -5.70110513733 0.568155168861 2.85055256867
14.251401120896718 -1.24760172048 -5.41469068494 0.62380086024 2.70734534247
14.271417133706965 -1.35289740365 -5.10225472331 0.676448701824 2.55112736165
14.291433146517214 -1.45169126371 -4.7652982629 0.725845631855 2.38264913145
14.311449159327461 -1.54350865901 -4.40544141233 0.771754329504 2.20272070616
14.33146517213771 -1.62790826871 -4.0244130643 0.813954134356 2.01220653215
14.351481184947959 -1.70448470151 -3.62404516682 0.852242350755 1.81202258341
14.371497197758206 -1.7728696369 -3.2062606178 0.88643481845 1.6031303089
14.391513210568455 -1.83273465966 -2.7730677757 0.916367329828 1.38653388785
14.411529223378704 -1.88379175484 -2.32654770058 0.941895877421 1.16327385029
14.431545236188951 -1.9257959304 -1.86884729926 0.962897965198 0.934423649628
14.4515612489992 -1.95854509603 -1.40216580002 0.979272548015 0.701082900012
14.471577261809447 -1.98188195428 -0.92874589077 0.990940977139 0.464372945385
14.491593274619696 -1.99569439645 -0.450862840052 0.997847198227 0.225431420026
14.511609287429945 -1.99991585082 0.0291869980701 0.999957925412 -0.014593499035
14.531625300240192 -1.99452653127 0.509096166279 0.997263265633 -0.25454808314
14.55164131305044 -1.97955200735 0.986558726507 0.989776003677 -0.493279363254
14.571657325860688 -1.95506422376 1.45928013076 0.97753211188 -0.729640065382
14.591673338670937 -1.9211808632 1.92498857875 0.960590431602 -0.962494289377
14.611689351481186 -1.87806470176 2.38144654529 0.939032350882 -1.19072327265
14.631705364291433 -1.82592287831 2.82646070909 0.912961439155 -1.41323035454
14.651721377101682 -1.76500620307 3.25788968825 0.882503101533 -1.62894484413
14.671737389911929 -1.69560728254 3.67366095026 0.847803641268 -1.83683047513
14.691753402722178 -1.6180597418 4.07177862984 0.809029870899 -2.03588931492
14.711769415532427 -1.53273611151 4.45032796306 0.766368055755 -2.22516398153
14.731785428342674 -1.44004659453 4.80749032274 0.720023297265 -2.40374516137
14.751801441152923 -1.34043646566 5.14154877199 0.670218232828 -2.570774386
14.77181745396317 -1.23438462449 5.45089843224 0.617192312245 -2.72544921612
14.791833466773419 -1.12240054913 5.73405210172 0.561200274565 -2.86702605086
14.811849479583667 -1.00502257505 5.98964944179 0.502511287527 -2.99482472089
14.831865492393915 -0.882814640989 6.21646160733 0.441407320494 -3.10823080366
14.851881505204164 -0.756364188754 6.41339914584 0.378182094377 -3.20669957292
14.871897518014412 -0.626278759386 6.57951480724 0.313139379693 -3.28975740362
14.89191353082466 -0.493183675255 6.71401129719 0.246591837628 -3.3570056486
14.911929543634908 -0.357718702653 6.81624257632 0.178859351327 -3.40812128816
14.931945556445156 -0.220534715896 6.88571685987 0.110267357948 -3.44285842994
14.951961569255404 -0.0822905558582 6.92209941368 0.0411452779291 -3.46104970684
14.971977582065653 0.0563490631385 6.925216026 -0.0281745315693 -3.462608013
14.9919935948759 0.19471783219 6.89505179167 -0.0973589160949 -3.44752589584
15.01200960768615 0.332150833821 6.83175156909 -0.16607541691 -3.41587578455
15.032025620496396 0.467987597191 6.73561956493 -0.233993798596 -3.36780978247
15.052041633306645 0.601575337044 6.60711775026 -0.300787668522 -3.30355887513
15.072057646116894 0.732272078032 6.44686365162 -0.366136039016 -3.22343182581
15.092073658927141 0.859449695763 6.25562742354 -0.429724847881 -3.12781371177
15.11208967173739 0.982497000073 6.03432810539 -0.491248500037 -3.0171640527
15.132105684547637 1.10082279077 5.78402890089 -0.550411395386 -2.89201445045
15.152121697357886 1.21385861728 5.50593209037 -0.606929308641 -2.75296604518
15.172137710168135 1.32106027128 5.20137612768 -0.660530135638 -2.60068806384
15.192153722978382 1.42191267644 4.87182396975 -0.710956338219 -2.43591198488
15.212169735788631 1.51593223743 4.51885880562 -0.757966118714 -2.25942940281
15.232185748598878 1.60266650267 4.14417688949 -0.801333251336 -2.07208844474
15.252201761409127 1.68169881911 3.74957923555 -0.840849409555 -1.87478961777
15.272217774219376 1.75264920038 3.3369617352 -0.876324600192 -1.6684808676
15.292233787029623 1.81517688248 2.90830788631 -0.907588441239 -1.45415394315
15.312249799839872 1.86898116909 2.46567720821 -0.934490584543 -1.23283860411
15.33226581265012 1.91380363772 2.01119733851 -0.956901818858 -1.00559866925
15.352281825460368 1.94942870678 1.5470520117 -0.974714353388 -0.773526005852
15.372297838270617 1.97568539645 1.07547217164 -0.987842698224 -0.537736085822
15.392313851080864 1.99244732216 0.598723871728 -0.996223661079 -0.299361935864
15.412329863891113 1.99963411847 0.119098374759 -0.999817059235 -0.0595491873794
15.432345876701362 1.99721131231 -0.361099057653 -0.998605656156 0.180549528827
15.452361889511609 1.98519037656 -0.839561208044 -0.992595188278 0.419780604022
15.472377902321858 1.96362896295 -1.31398907993 -0.981814481477 0.656994539967
15.492393915132105 1.93263083792 -1.78210212037 -0.966315418958 0.891051060186
15.512409927942354 1.89234494723 -2.24165068753 -0.946172473614 1.12082534377
15.532425940752603 1.84296486183 -2.69042653698 -0.921482430913 1.34521326849
15.55244195356285 1.78472792826 -3.12627281117 -0.892363964128 1.56313640559
15.572457966373099 1.71791399828 -3.54709489808 -0.858956999139 1.77354744904
15.592473979183346 1.64284420349 -3.95087050877 -0.821422101743 1.97543525439
15.612489991993595 1.55987928164 -4.33565914339 -0.779939640818 2.1678295717
15.632506004803844 1.46941794338 -4.69961157808 -0.734708971688 2.34980578904
15.652522017614091 1.371894952 -5.04097882147 -0.685947475998 2.52048941074
15.67253803042434 1.26777894697 -5.35812026212 -0.633889473487 2.67906013106
15.692554043234587 1.15757030357 -5.64951182928 -0.578785151786 2.82475591464
15.712570056044836 1.04179866352 -5.91375320071 -0.520899331762 2.95687660036
15.732586068855085 0.921020376449 -6.1495744022 -0.460510188224 3.0747872011
15.752602081665332 0.795815846292 -6.35584194385 -0.397907923146 3.17792097192
15.77261809447558 0.666786705918 -6.53156410581 -0.333393352959 3.26578205291
15.792634107285828 0.534553300276 -6.67589776136 -0.267276650138 3.33794888068
15.812650120096077 0.399751194114 -6.78814929013 -0.199875597057 3.39407464507
15.832666132906326 0.263028036593 -6.86777873318 -0.131514018296 3.43388936659
15.852682145716573 0.125040509756 -6.91440273606 -0.0625202548779 3.45720136803
15.872698158526822 -0.013547975845 -6.92779768476 0.00677398792249 3.46389884238
15.89271417133707 -0.152071219729 -6.90789950513 0.0760356098645 3.45394975256
15.912730184147318 -0.289863650147 -6.85480358672 0.144931825074 3.42740179336
15.932746196957567 -0.426263064393 -6.76876510387 0.213131532197 3.38438255194
15.952762209767814 -0.560613959179 -6.65019753754 0.28030697959 3.32509876877
15.972778222578063 -0.692270676277 -6.49967069467 0.346135338138 3.24983534733
15.992794235388311 -0.820600531762 -6.31790792199 0.410300265881 3.158953961
16.01281024819856 -0.944986841502 -6.10578266983 0.472493420751 3.05289133491
16.032826261008807 -1.06483176927 -5.86431441262 0.532415884635 2.93215720631
16.052842273819056 -1.17955935858 -5.59466360451 0.589779679292 2.79733180226
16.0728582866293 -1.28861825462 -5.29812612633 0.644309127309 2.64906306317
16.09287429943955 -1.39148449524 -4.97612656367 0.695742247622 2.48806328184
16.1128903122498 -1.48766377025 -4.63021203768 0.743831885125 2.31510601884
16.13290632506005 -1.57669296654 -4.26204750959 0.78834648327 2.13102375479
16.152922337870297 -1.65814453059 -3.87340117221 0.829072265293 1.93670058611
16.172938350680546 -1.73162804408 -3.46613952666 0.865814022039 1.73306976333
16.19295436349079 -1.79678964707 -3.04222039245 0.898394823537 1.52111019623
16.21297037630104 -1.85331638625 -2.60368115452 0.926658193126 1.30184057726
16.23298638911129 -1.90093645279 -2.15262908457 0.950468226394 1.07631454229
16.253002401921538 -1.93942118133 -1.69123217894 0.969710590664 0.845616089472
16.273018414731787 -1.96858543568 -1.22170751284 0.984292717841 0.610853756421
16.293034427542032 -1.98828917999 -0.746311811684 0.994144589996 0.373155905842
16.31305044035228 -1.99843759406 -0.267329480981 0.999218797028 0.13366474049
16.33306645316253 -1.99898206841 0.212937428018 0.999491034206 -0.106468714009
16.35308246597278 -1.98991983248 0.692181003642 0.994959916241 -0.346090501821
16.373098478783028 -1.97129457819 1.16809801308 0.985647289095 -0.584049006541
16.393114491593273 -1.94319568099 1.63840137887 0.971597840494 -0.819200689436
16.413130504403522 -1.90575830877 2.10083098026 0.952879154385 -1.05041549013
16.43314651721377 -1.85916225996 2.55316424634 0.929581129979 -1.27658212317
16.45316253002402 -1.80363168938 2.99322782488 0.901815844688 -1.49661391244
16.47317854283427 -1.73943324482 3.41890681114 0.86971662241 -1.70945340557
16.493194555644514 -1.66687549003 3.82815534487 0.833437745015 -1.91407767244
16.513210568454763 -1.58630712548 4.21900660503 0.79315356274 -2.10950330251
16.533226581265012 -1.4981153153 4.58958239809 0.749057657649 -2.29479119904
16.55324259407526 -1.4027236338 4.93810266458 0.7013618169 -2.46905133229
16.57325860688551 -1.3005907576 5.26289139919 0.650295378801 -2.6314456996
16.593274619695755 -1.19220801958 5.56238520213 0.596104009792 -2.78119260106
16.613290632506004 -1.07809586058 5.83514728475 0.539047930289 -2.91757364238
16.633306645316253 -0.958802472125 6.07986837768 0.479401236062 -3.03993418884
16.653322658126502 -0.834901319965 6.29537086964 0.417450659983 -3.14768543482
16.67333867093675 -0.706987822451 6.48061935762 0.353493911225 -3.24030967881
16.693354683746996 -0.575676701374 6.63472351916 0.287838350687 -3.31736175958
16.713370696557245 -0.441599036831 6.75694292777 0.220799518416 -3.37847146389
16.733386709367494 -0.305399154411 6.84668999383 0.152699577206 -3.42334499692
16.753402722177743 -0.167731631955 6.9035334367 0.0838658159774 -3.45176671835
16.77341873498799 -0.0292580399398 6.92720007849 0.0146290199699 -3.46360003925
16.793434747798237 0.109356129888 6.91757628295 -0.0546780649439 -3.45878814147
16.813450760608486 0.247444749019 6.8747082057 -0.123722374509 -3.43735410285
16.833466773418735 0.384344179463 6.79880192569 -0.192172089731 -3.39940096284
16.853482786228984 0.519397081651 6.69022196695 -0.259698540825 -3.34511098347
16.873498799039233 0.651952766992 6.54949084992 -0.325976383496 -3.27474542496
16.893514811849478 0.781375840008 6.37728422157 -0.390687920004 -3.18864211078
16.913530824659727 0.907043853037 6.17443039298 -0.453521926519 -3.08721519649
16.933546837469976 1.02835285668 5.94190356736 -0.514176428339 -2.97095178368
16.953562850280225 1.14471984088 5.68082134394 -0.572359920442 -2.84041067197
16.973578863090474 1.25558556852 5.39243841182 -0.627792784261 -2.69621920591
16.99359487590072 1.36041733258 5.07814038991 -0.680208666288 -2.53907019496
17.013610888710968 1.45871158427 4.73943675823 -0.729355792134 -2.36971837912
17.033626901521217 1.54999508431 4.37795779092 -0.774997542153 -2.18897889546
17.053642914331466 1.6338290301 3.99544033999 -0.816914515051 -1.99772017
17.073658927141715 1.70981166086 3.59372132826 -0.854905830431 -1.79686066413
17.09367493995196 1.777577316 3.17473152134 -0.888788658001 -1.58736576067
17.11369095276221 1.83680043888 2.74048485873 -0.918400219439 -1.37024242937
17.133706965572458 1.88719623683 2.29306787343 -0.943598118414 -1.14653393671
17.153722978382707 1.9285227417 1.83463115358 -0.964261370852 -0.91731557679
17.173738991192955 1.9605811429 1.36737751078 -0.980290571451 -0.68368875539
17.193755004003204 1.98321752819 0.893552782761 -0.991608764093 -0.44677639138
17.21377101681345 1.99632292179 0.41543382395 -0.998161460895 -0.207716911975
17.2337870296237 1.99983460964 -0.06468143137 -0.999917304819 0.032340715685
17.253803042433947 1.99373564163 -0.544485753691 -0.996867820815 0.272242876845
17.273819055244196 1.97805517621 -1.02167347556 -0.989027588103 0.510836737778
17.293835068054445 1.9528686762 -1.49395123212 -0.976434338102 0.746975616062
17.31385108086469 1.91829714979 -1.95904939883 -0.959148574896 0.979524699415
17.33386709367494 1.87450673105 -2.41473282792 -0.937253365525 1.20736641396
17.35388310648519 1.8217078891 -2.85881161183 -0.910853944548 1.42940580591
17.373899119295437 1.76015434359 -3.28915168199 -0.880077171797 1.644575841
17.393915132105686 1.6901419203 -3.70368471621 -0.845070960151 1.85184235811
17.41393114491593 1.6120070635 -4.10041890503 -0.806003531752 2.05020945252
17.43394715772618 1.52612523853 -4.47744768386 -0.763062619264 2.23872384193
17.45396317053643 1.43290920267 -4.8329588885 -0.716454601334 2.41647944425
17.473979183346678 1.332806933 -5.16524399482 -0.666403466498 2.58262199741
17.493995196156927 1.22629949799 -5.47270611576 -0.613149748995 2.73635305788
17.514011208967172 1.11389867676 -5.75386782108 -0.556949338379 2.87693391054
17.53402722177742 0.996144326856 -6.00737848609 -0.498072163428 3.00368924304
17.55404323458767 0.873603217989 -6.23201765544 -0.436801608995 3.11600882772
17.57405924739792 0.746864225019 -6.42670518919 -0.37343211251 3.21335259459
17.594075260208168 0.616535706974 -6.59050920482 -0.308267853487 3.29525460241
17.614091273018413 0.483244213311 -6.72264066521 -0.241622106655 3.36132033261
17.634107285828662 0.347630379121 -6.82246502129 -0.173815189561 3.41123251065
17.65412329863891 0.210345880272 -6.88950187965 -0.105172940136 3.44475093983
17.67413931144916 0.0720505385287 -6.92342989459 -0.0360252692643 3.4617149473
17.69415532425941 -0.0665910778284 -6.92408523505 0.0332955389142 3.46204261752
17.714171337069654 -0.204912628469 -6.89146534131 0.102456314235 3.44573267066
17.734187349879903 -0.342249405327 -6.82572630755 0.171124702663 3.41286315378
17.754203362690152 -0.47794139677 -6.72718517789 0.238970698385 3.36359258895
17.7742193755004 -0.611336516559 -6.59631474814 0.30566825828 3.29815737407
17.79423538831065 -0.741793696565 -6.43374390876 0.370896848282 3.21687195438
17.814251401120895 -0.868685988347 -6.2402540716 0.434342994174 3.1201270358
17.834267413931144 -0.991403580765 -6.01677503737 0.495701790382 3.00838751869
17.854283426741393 -1.1093567201 -5.76438081045 0.554678360048 2.88219040523
17.874299439551642 -1.22197855288 -5.48428433479 0.610989276438 2.7421421674
17.89431545236189 -1.32872787562 -5.17783155977 0.66436393781 2.58891577989
17.914331465172136 -1.42909169866 -4.84649519678 0.714545849328 2.42324759839
17.934347477982385 -1.52258770358 -4.4918674929 0.761293851789 2.24593374645
17.954363490792634 -1.60876653021 -4.115652721 0.804383265105 2.0578263605
17.974379503602883 -1.68721396875 -3.71965904772 0.843606984377 1.85982952386
17.99439551641313 -1.75755300049 -3.30578965056 0.878776500243 1.65289482528
18.014411529223377 -1.81944563921 -2.8760332398 0.909722819603 1.4380166199
18.034427542033626 -1.8725945161 -2.43245415134 0.936297258048 1.21622707567
18.054443554843875 -1.91674386941 -1.97718684133 0.958371934705 0.988593420664
18.074459567654124 -1.95168127435 -1.51241965232 0.975840637176 0.75620982616
18.094475580464373 -1.97723989334 -1.04038267825 0.98861994667 0.520191339126
18.114491593274618 -1.99329658229 -0.563345147476 0.996648291147 0.281672573738
18.134507606084867 -1.99977370444 -0.0836010029403 0.99988685222 0.0418005014701
18.154523618895116 -1.99664045709 0.396545010243 0.998320228547 -0.198272505121
18.174539631705365 -1.98391185093 0.874785394567 0.991955925465 -0.437392697284
18.194555644515614 -1.96164901248 1.34882169074 0.98082450624 -0.674410845369
18.21457165732586 -1.92995896444 1.81637586562 0.96497948222 -0.908187932811
18.234587670136108 -1.88899398019 2.27520095088 0.944496990093 -1.13760047544
18.254603682946357 -1.83895094946 2.72309194142 0.919475474731 -1.36154597071
18.274619695756606 -1.78007036293 3.15789639138 0.890035181465 -1.57894819569
18.294635708566855 -1.71263520565 3.57752475508 0.856317602825 -1.78876237754
18.314651721377103 -1.63696951341 3.97996036435 0.818484756707 -1.98998018218
18.33466773418735 -1.55343694016 4.36326922387 0.77671847008 -2.18163461193
18.354683746997598 -1.46243891763 4.72560924301 0.731219458814 -2.3628046215
18.374699759807847 -1.36441276075 5.06523909903 0.682206380377 -2.53261954951
18.394715772618095 -1.25982955946 5.38052660945 0.629914779729 -2.69026330473
18.414731785428344 -1.1491919129 5.6699565651 0.57459595645 -2.83497828255
18.43474779823859 -1.03303141488 5.93213759956 0.516515707442 -2.96606879978
18.45476381104884 -0.911906362617 6.16580990264 0.455953181309 -3.08290495132
18.474779823859087 -0.786399012223 6.36985101133 0.393199506111 -3.18492550566
18.494795836669336 -0.657112293634 6.54327935857 0.328556146817 -3.27163967929
18.514811849479585 -0.524667803432 6.68526289597 0.262333901716 -3.34263144798
18.53482786228983 -0.389701815957 6.79511787145 0.194850907978 -3.39755893572
18.55484387510008 -0.252863106333 6.87231758107 0.126431553167 -3.43615879054
18.57485988791033 -0.114809222999 6.91649021574 0.0574046114995 -3.45824510787
18.594875900720577 0.0237963854562 6.92742375503 -0.0118981927281 -3.46371187751
18.614891913530826 0.162287529844 6.90506686079 -0.0811437649221 -3.4525334304
18.63490792634107 0.299998759071 6.84952583758 -0.149999379536 -3.42476291879
18.65492393915132 0.43626826885 6.76106761091 -0.218134134425 -3.38053380545
18.67493995196157 0.570441177263 6.64011729066 -0.285220588631 -3.32005864533
18.694955964771818 0.701872858994 6.48725590075 -0.350936429497 -3.24362795037
18.714971977582067 0.829931686218 6.30321793687 -0.414965843109 -3.15160896844
18.734987990392312 0.954001536411 6.08888850471 -0.477000768205 -3.04444425235
18.75500400320256 1.07348645603 5.84529717093 -0.536743228016 -2.92264858547
18.77502001601281 1.18781274504 5.57361492117 -0.59390637252 -2.78680746059
18.79503602882306 1.29643058714 5.27514695351 -0.64821529357 -2.63757347675
18.815052041633308 1.39881815647 4.95132813142 -0.699409078235 -2.47566406571
18.835068054443553 1.49448327088 4.60371412476 -0.74724163544 -2.30185706238
18.855084067253802 1.58296632302 4.23397610439 -0.791483161508 -2.1169880522
18.87510008006405 1.663841942 3.84389036481 -0.831920971 -1.9219451824
18.8951160928743 1.73672157251 3.43533209935 -0.868360786254 -1.71766604968
18.91513210568455 1.80125484176 3.01026425535 -0.900627420881 -1.50513212768
18.935148118494794 1.85713175677 2.57073004911 -0.928565878387 -1.28536502456
18.955164131305043 1.90408356359 2.118841284 -0.952041781793 -1.059420642
18.975180144115292 1.94188494324 1.65677024443 -0.970942471622 -0.828385122214
18.99519615692554 1.97035429037 1.18673798829 -0.985177145184 -0.593368994144
19.01521216973579 1.98935463983 0.711002793869 -0.994677319917 -0.355501396935
19.035228182546035 1.99879443908 0.231849488701 -0.999397219538 -0.11592474435
19.055244195356284 1.99862853085 -0.248417892139 -0.999314265427 0.124208946069
19.075260208166533 1.98885771051 -0.727491298059 -0.994428855256 0.363745649029
19.095276220976782 1.96952891062 -1.20306855286 -0.98476445531 0.601534276429
19.11529223378703 1.94073501958 -1.67286416002 -0.97036750979 0.83643208001
19.135308246597276 1.90261441108 -2.13462042459 -0.95130720554 1.06731021229
19.155324259407525 1.8553502829 -2.5861182312 -0.927675141451 1.2930591156
19.175340272217774 1.79916977787 -3.02518775436 -0.899584888933 1.51259387718
19.195356285028023 1.73434271958 -3.44971997114 -0.867171359789 1.72485998557
19.21537229783827 1.66118072748 -3.85767388644 -0.830590363738 1.92883694322
19.235388310648517 1.58003571168 -4.24708621096 -0.790017855838 2.12354310548
19.255404323458766 1.49129743605 -4.61608751013 -0.745648718024 2.30804375507
19.275420336269015 1.39539231191 -4.96290625466 -0.697696155955 2.48145312733
19.295436349079264 1.29278124269 -5.28587415934 -0.646390621343 2.64293707967
19.315452361889513 1.18395739529 -5.58343954997 -0.591978697643 2.79171977499
19.33546837469976 1.06944369712 -5.85417213954 -0.534721848558 2.92708606977
19.355484387510007 0.949790560981 -6.09677116217 -0.47489528049 3.04838558109
19.375500400320256 0.825572921732 -6.31007034874 -0.412786460866 3.15503517437
19.395516413130505 0.697387845483 -6.4930449446 -0.348693922742 3.2465224723
19.415532425940754 0.565851264752 -6.6448152907 -0.282925632376 3.32240764535
19.435548438751002 0.431595392936 -6.76465236677 -0.215797696468 3.38232618339
19.455564451561248 0.295265365278 -6.85197979176 -0.147632682639 3.42598989588
19.475580464371497 0.157516449801 -6.90637884599 -0.0787582249007 3.45318942299
19.495596477181746 0.0190107086758 -6.92758803509 -0.0095053543379 3.46379401755
19.515612489991994 -0.119586493463 -6.91550465503 0.0597932467315 3.45775232751
19.535628502802243 -0.257609087323 -6.8701867686 0.128804543661 3.4350933843
19.55564451561249 -0.394393672704 -6.79185239473 0.197196836352 3.39592619736
19.575660528422738 -0.529282891081 -6.6808779969 0.26464144554 3.34043899845
19.595676541232987 -0.661628500617 -6.53779687624 0.330814250308 3.26889843812
19.615692554043235 -0.790794475698 -6.36329660863 0.395397237849 3.18164830431
19.635708566853484 -0.916160077115 -6.1582158348 0.458080038558 3.0791079174
19.65572457966373 -1.03712282926 -5.92354014642 0.51856141463 2.96177007321
19.67574059247398 -1.15310141191 -5.66039732202 0.576550705956 2.83019866101
19.695756605284227 -1.26353845793 -5.37005195988 0.631769228963 2.68502597994
19.715772618094476 -1.36790323515 -5.05389940734 0.683951617575 2.52694970367
19.735788630904725 -1.46569419401 -4.71345902785 0.732847097004 2.35672951393
19.75580464371497 -1.556441367 -4.35036686555 0.778220683499 2.17518343277
19.77582065652522 -1.63970860793 -3.96636773347 0.819854303966 1.98318386673
19.79583666933547 -1.71509582029 -3.56330730136 0.857547910145 1.78165365068
19.815852682145717 -1.78224066424 -3.14312241647 0.891120332119 1.57156120823
19.835868694955966 -1.84082048029 -2.70783246507 0.920410240144 1.35391623253
19.85588470776621 -1.8905537556 -2.25952935072 0.9452768778 1.12976467536
19.87590072057646 -1.93120144689 -1.80036745637 0.965600723443 0.900183728185
19.89591673338671 -1.96256827026 -1.33255349747 0.981284135128 0.666276748737
19.915932746196958 -1.9845034291 -0.858335590956 0.992251714551 0.429167795478
19.935948759007207 -1.99690153736 -0.379992768782 0.998450768678 0.189996384391
19.955964771817452 -1.99970301534 0.100176183578 0.999851507669 -0.0500880917891
19.9759807846277 -1.99289431865 0.579863714032 0.996447159324 -0.289931857016
19.99599679743795 -1.97650830766 1.05676449028 0.988254153831 -0.528382245139
20.0160128102482 -1.950623605 1.52858666313 0.975311802498 -0.764293331567
20.036028823058448 -1.91536472715 1.99306277887 0.957682363574 -0.996531389436
20.056044835868693 -1.87090100761 2.44796065208 0.935450503807 -1.22398032604
20.076060848678942 -1.81744622374 2.89109417336 0.90872311187 -1.44554708668
20.09607686148919 -1.75525720598 3.32033373649 0.87762860299 -1.66016686824
20.11609287429944 -1.68463284033 3.73361650434 0.842316420167 -1.86680825217
20.13610888710969 -1.60591246573 4.12895694011 0.802956232863 -2.06447847006
20.156124899919934 -1.51947459648 4.5044533902 0.759737298238 -2.2522266951
20.176140912730183 -1.42573447715 4.85830317808 0.712867238576 -2.42915158904
20.196156925540432 -1.32514262155 5.18880524471 0.662571310776 -2.59440262235
20.21617293835068 -1.21818242967 5.49437115377 0.609091214837 -2.74718557689
20.23618895116093 -1.10536794956 5.77353236656 0.552683974782 -2.88676618328
20.256204963971175 -0.98724130333 6.02494739239 0.493620651665 -3.01247369619
20.276220976781424 -0.8643698219 6.24740858635 0.43218491095 -3.12370429317
20.296236989591673 -0.737344455847 6.43984585159 0.368672227923 -3.2199229258
20.316253002401922 -0.606776202202 6.60133282644 0.303388101101 -3.30066641322
20.33626901521217 -0.473291910519 6.73109557644 0.23664595526 -3.36554778822
20.35628502802242 -0.337532894447 6.82851095848 0.168766447224 -3.41425547924
20.376301040832665 -0.200151800619 6.89311011115 0.100075900309 -3.44655505557
20.396317053642914 -0.0618088091269 6.92458252259 0.0309044045635 -3.4622912613
20.416333066453163 0.0768312196989 6.92277716938 -0.0384156098495 -3.46138858469
20.43634907926341 0.215102013285 6.88770260053 -0.107551006642 -3.44385130027
20.45636509207366 0.352339443037 6.8195274439 -0.176169721519 -3.40976372195
20.476381104883906 0.487882816594 6.71857916579 -0.243941408297 -3.35928958289
20.496397117694155 0.621081913257 6.58534310896 -0.310540956629 -3.29267155448
20.516413130504404 0.751296266912 6.42045982497 -0.375648133456 -3.21022991248
20.536429143314653 0.877900078775 6.22472125769 -0.438950039388 -3.11236062885
20.5564451561249 1.00028490084 5.9990681583 -0.500142450422 -2.99953407915
20.576461168935147 1.11786261392 5.74458488956 -0.558931306958 -2.87229244478
20.596477181745396 1.23006828399 5.46249410568 -0.615034141997 -2.73124705284
20.616493194555645 1.33636223735 5.1541523732 -0.668181118673 -2.5770761866
20.636509207365894 1.43623387774 4.82104112338 -0.718116938868 -2.41052056169
20.656525220176142 1.52920344038 4.46476091985 -0.764601720191 -2.23238045992
20.676541232986388 1.61482403055 4.08702415499 -0.807412015276 -2.04351207749
20.696557245796637 1.6926841505 3.68964607255 -0.846342075248 -1.84482303627
20.716573258606886 1.76240963895 3.27453644232 -0.881204819473 -1.63726822116
20.736589271417134 1.82366540873 2.84369020522 -0.911832704367 -1.42184510261
20.756605284227383 1.87615705241 2.39917784799 -0.938078526207 -1.199588924
20.77662129703763 1.91963226208 1.94313553311 -0.959816131038 -0.971567766553
20.796637309847878 1.95388202521 1.4777547938 -0.976941012604 -0.7388773969
20.816653322658127 1.97874210025 1.00527275491 -0.989371050127 -0.502636377456
20.836669335468375 1.99409295187 0.527960158613 -0.997046475934 -0.263980079307
20.856685348278624 1.99986063325 0.0481100879767 -0.999930316625 -0.0240550439884
20.87670136108887 1.99601731485 -0.431971940005 -0.998008657427 0.215985970002
20.89671737389912 1.98258173959 -0.909977351974 -0.991290869794 0.454988675987
20.916733386709367 1.95961829923 -1.38360991385 -0.979809149613 0.691804956925
20.936749399519616 1.92723739259 -1.85059317659 -0.963618696295 0.925296588296
20.956765412329865 1.88559464907 -2.30868286172 -0.942797324537 1.15434143086
20.97678142514011 1.83489018062 -2.7556776058 -0.917445090311 1.3778388029
20.99679743795036 1.77536766542 -3.18942918969 -0.887683832711 1.59471459484
21.01681345076061 1.70731315284 -3.60785314435 -0.853656576422 1.80392657218
21.036829463570857 1.63105369859 -4.00893860415 -0.815526849297 2.00446930208
21.056845476381106 1.54695579479 -4.39075801432 -0.773477897394 2.19537900716
21.07686148919135 1.45542358653 -4.75147649047 -0.727711793265 2.37573824524
21.0968775020016 1.35689696867 -5.08936043752 -0.678448484333 2.54468021876
21.11689351481185 1.25184943922 -5.40278606299 -0.625924719612 2.70139303149
21.136909527622098 1.14078580495 -5.69024728367 -0.570392902474 2.84512364183
21.156925540432347 1.0242398538 -5.95036241997 -0.512119926899 2.97518120998
21.176941553242592 0.902771629433 -6.18188161871 -0.451385814717 3.09094080936
21.19695756605284 0.776964919677 -6.383692122 -0.388482459838 3.191846061
21.21697357886309 0.647424301335 -6.55482412823 -0.323712150668 3.27741206411
21.23698959167334 0.514772308328 -6.69445525938 -0.257386154164 3.34722762969
21.257005604483588 0.379646470473 -6.80191438053 -0.189823235236 3.40095719026
21.277021617293833 0.242696108952 -6.87668519771 -0.121348054476 3.43834259886
21.297037630104082 0.104579443771 -6.91840826136 -0.0522897218853 3.45920413068
21.31705364291433 -0.0340398334553 -6.92688314544 0.0170199167276 3.46344157272
21.33706965572458 -0.172495550463 -6.9020691125 0.0862477752313 3.45103455625
21.35708566853483 -0.310122295832 -6.84408536997 0.155061147916 3.42204268499
21.377101681345078 -0.446258666892 -6.75321057228 0.223129333446 3.37660528614
21.397117694155323 -0.58025042427 -6.62988144151 0.290125212135 3.31494072075
21.417133706965572 -0.711453635313 -6.47469066899 0.355726817657 3.2373453345
21.43714971977582 -0.839237768412 -6.2883840648 0.419618884206 3.1441920324
21.45716573258607 -0.962988718732 -6.0718569371 0.481494359366 3.03592846855
21.47718174539632 -1.08211177139 -5.82614990354 0.541055885694 2.91307495177
21.497197758206564 -1.1960344497 -5.55244377563 0.598017224848 2.77622188781
21.517213771016813 -1.3042092671 -5.25205391446 0.65210463355 2.62602695723
21.537229783827062 -1.40611636023 -4.92642392215 0.703058180113 2.46321196107
21.55724579663731 -1.50126598914 -4.57711870813 0.750632994572 2.28855935407
21.57726180944756 -1.58920088985 -4.20581695848 0.794600444923 2.10290847924
21.597277822257805 -1.66949844179 -3.81430297987 0.834749220895 1.90715148994
21.617293835068054 -1.74177260101 -3.40445786658 0.870886300505 1.70222893329
21.637309847878303 -1.80567625833 -2.97825196531 0.902838129165 1.48912598266
21.65732586068855 -1.86090217791 -2.53773327571 0.930451088955 1.26886663786
21.6773418734988 -1.90718495615 -2.08501873237 0.953592478073 1.04250936618
21.697357886309046 -1.9443023679 -1.62228449784 0.97215118395 0.81114224892
21.717373899119295 -1.97207570608 -1.15175370129 0.986037853042 0.575876850646
21.737389911929544 -1.99037193163 -0.675688325452 0.995185965815 0.337844162726
21.757405924739793 -1.99910266828 -0.196375654249 0.999551334141 0.0981878271244
21.77742193755004 -1.9982264068 0.283880468429 0.999113203402 -0.141940234214
21.797437950360287 -1.98774729899 0.762772153723 0.993873649494 -0.381386076862
21.817453963170536 -1.96771555069 1.23799813841 0.983857775347 -0.618999069205
21.837469975980785 -1.93822742624 1.70727460807 0.969113713122 -0.853637304034
21.857485988791034 -1.8994246322 2.16834638373 0.949712316098 -1.08417319187
21.877502001601282 -1.85149352404 2.61899868542 0.925746762019 -1.30949934271
21.897518014411528 -1.79466458984 3.05706415219 0.897332294922 -1.5285320761
21.917534027221777 -1.72921092868 3.48043636498 0.864605464341 -1.74021818249
21.937550040032026 -1.65544712271 3.88708273216 0.827723561355 -1.94354136608
21.957566052842274 -1.57372759509 4.27504897947 0.786863797546 -2.13752448974
21.977582065652523 -1.48444513541 4.64247035857 0.742222567705 -2.32123517928
21.99759807846277 -1.38802874903 4.98758104341 0.694014374514 -2.49379052171
22.017614091273018 -1.28494186342 5.30872268721 0.64247093171 -2.65436134361
22.037630104083267 -1.17567984291 5.60435179158 0.587839921456 -2.80217589579
22.057646116893515 -1.06076781118 5.87304772869 0.530383905592 -2.93652386435
22.077662129703764 -0.940757986216 6.11351903841 0.470378993108 -3.05675951921
22.09767814251401 -0.816227127916 6.32461026887 0.408113563958 -3.16230513444
22.11769415532426 -0.687773664296 6.50530663249 0.343886832148 -3.25265331624
22.137710168134507 -0.556014907835 6.65473974345 0.278007453918 -3.32736987172
22.157726180944756 -0.421584261964 6.77219261754 0.210792130982 -3.38609630877
22.177742193755005 -0.285127806699 6.85710046153 0.142563903349 -3.42855023077
22.19775820656525 -0.147300951433 6.90905448808 0.0736504757166 -3.45452724404
22.2177742193755 -0.00876596065805 6.92780478446 0.00438298032903 -3.46390239223
22.23779023218575 0.129811048248 6.91326191551 -0.0649055241238 -3.45663095776
22.257806244995997 0.267764215287 6.86549554734 -0.133882107644 -3.43274777367
22.277822257806246 0.404430570856 6.78473523205 -0.202215285428 -3.39236761603
22.29783827061649 0.539153332373 6.67136908016 -0.269576666186 -3.33568454008
22.31785428342674 0.6712850794 6.52594187207 -0.3356425397 -3.26297093604
22.33787029623699 0.800190816965 6.34915248226 -0.400095408482 -3.17457624113
22.357886309047238 0.925251026677 6.14185053475 -0.462625513339 -3.07092526738
22.377902321857487 1.04586469496 5.90503227724 -0.522932347481 -2.95251613862
22.397918334667736 1.16145232127 5.63983545869 -0.580726160637 -2.81991772934
22.41793434747798 1.27145859028 5.34753396572 -0.635729295138 -2.67376698286
22.43795036028823 1.37535384818 5.02953468801 -0.687676924088 -2.51476734401
22.45796637309848 1.47263893684 4.68736511714 -0.736319468422 -2.34368255857
22.477982385908728 1.56284743932 4.32266890534 -0.781423719658 -2.16133445267
22.497998398718977 1.64554517474 3.93719880558 -0.822772587368 -1.96859940279
22.518014411529222 1.72033489844 3.53280763777 -0.860167449218 -1.76640381888
22.53803042433947 1.78685701113 3.11143839073 -0.893428505564 -1.55571919536
22.55804643714972 1.8447920334 2.67511659136 -0.922396016702 -1.33755829568
22.57806244995997 1.89386133593 2.22593863732 -0.946930667964 -1.11296931866
22.598078462770218 1.93382925173 1.76606360931 -0.966914625865 -0.883031804653
22.618094475580463 1.96450353104 1.2977011934 -0.982251765519 -0.6488505967
22.638110488390712 1.98573699181 0.823102578116 -0.992868495907 -0.411551289058
22.65812650120096 1.99742739613 0.344548350725 -0.998713698066 -0.172274175362
22.67814251401121 1.99951874455 -0.135661615787 -0.999759372277 0.0678308078936
22.69815852682146 1.99200099772 -0.615219522009 -0.996000498862 0.307609761004
22.718174539631704 1.97491005822 -1.09182094038 -0.987455029111 0.545910470191
22.738190552441953 1.94832817226 -1.56317531446 -0.97416408613 0.781587657228
22.758206565252202 1.91238310975 -2.02701740745 -0.956191554875 1.01350870372
22.77822257806245 1.86724757452 -2.48111816432 -0.933623787261 1.24055908216
22.7982385908727 1.81313848903 -2.92329525233 -0.906569244514 1.46164762617
22.818254603682945 1.75031589449 -3.35142366302 -0.875157947245 1.67571183151
22.838270616493194 1.67908169364 -3.76344593539 -0.83954084682 1.8817229677
22.858286629303443 1.59977822281 -4.15738197508 -0.799889111404 2.07869098754
22.87830264211369 1.5127865983 -4.53133862168 -0.756393299151 2.26566931084
22.89831865492394 1.41852487903 -4.88351873022 -0.709262439514 2.44175936511
22.918334667734186 1.31744606263 -5.21222981071 -0.658723031316 2.60611490535
22.938350680544435 1.21003591095 -5.51589213699 -0.605017955473 2.7579460685
22.958366693354684 1.09681061196 -5.79304638869 -0.548405305982 2.89652319435
22.978382706164933 0.978314301204 -6.04236062791 -0.489157150602 3.02118031396
22.99839871897518 0.855116443926 -6.26263670979 -0.427558221963 3.1313183549
23.018414731785427 0.727809099789 -6.45281603814 -0.363904549894 3.22640801907
23.038430744595676 0.597004037229 -6.61198434396 -0.298502018614 3.30599217198
23.058446757405925 0.463329882506 -6.73937668674 -0.231664941253 3.36968834337
23.078462770216174 0.327429180176 -6.83438175518 -0.163714590088 3.41719087759
23.098478783026422 0.189955022783 -6.89654260999 -0.0949775113914 3.448271305
23.118494795836668 0.0515679241468 -6.92556022832 -0.0257839620734 3.46278011416
23.138510808646917 -0.0870671160301 -6.92129505516 0.043533558015 3.46064752758
23.158526821457166 -0.225283626835 -6.88376796029 0.112641813417 3.44188398014
23.178542834267414 -0.362417479771 -6.81315911275 0.181208739886 3.40657955637
23.198558847077663 -0.497809686605 -6.70980776232 0.248904843302 3.35490388116
23.21857485988791 -0.630809509851 -6.57421070041 0.315404754926 3.28710535021
23.238590872698158 -0.760777814516 -6.40701953785 0.380388907258 3.20350976892
23.258606885508406 -0.887090007869 -6.20903775257 0.443545003934 3.10451887628
23.278622898318655 -1.00913905147 -5.98121680275 0.504569525736 2.99060840138
23.298638911128904 -1.12633841266 -5.72465154119 0.563169206331 2.86232577059
23.31865492393915 -1.23812485914 -5.44057496112 0.619062429569 2.72028748056
23.3386709367494 -1.34396116048 -5.13035228665 0.67198058024 2.56517614332
23.358686949559647 -1.44333868473 -4.79547439643 0.721669342367 2.39773719821
23.378702962369896 -1.5357798843 -4.43755056297 0.767889942151 2.21877528149
23.398718975180145 -1.62084046635 -4.05830098189 0.810420233177 2.02915049094
23.41873498799039 -1.69811169076 -3.65954813073 0.849055845379 1.82977406536
23.43875100080064 -1.76722218349 -3.24320840912 0.883611091745 1.62160420456
23.45876701361089 -1.82783982992 -2.81128259206 0.913919914958 1.40564129603
23.478783026421137 -1.87967332011 -2.36584641712 0.939836660056 1.18292320856
23.498799039231386 -1.922473538 -1.90904059768 0.961236768999 0.954520298841
23.518815052041635 -1.95603482156 -1.44306031684 0.97801741078 0.72153015842
23.53883106485188 -1.98019585423 -0.970145125387 0.990097927114 0.485072562693
23.55884707766213 -1.99484055096 -0.492567561234 0.997420275482 0.246283780617
23.578863090472378 -1.99989851246 -0.0126229222198 0.999949256232 0.0063114611099
23.598879103282627 -1.99534544329 0.46738243451 0.997672721646 -0.233691217255
23.618895116092876 -1.98120322037 0.945141625424 0.990601610183 -0.472570812712
23.63891112890312 -1.95753980634 1.41835868029 0.978769903172 -0.709179340144
23.65892714171337 -1.92446892706 1.88475947899 0.962234463529 -0.942379739493
23.67894315452362 -1.88214950883 2.3421024933 0.941074754414 -1.17105124665
23.698959167333868 -1.83078492958 2.78819001891 0.91539246479 -1.39409500945
23.718975180144117 -1.77062203941 3.22087806336 0.885311019706 -1.61043903168
23.738991192954362 -1.70194995778 3.63808742447 0.850974978892 -1.81904371223
23.75900720576461 -1.6250987187 4.03781293189 0.812549359352 -2.01890646594
23.77902321857486 -1.54043763999 4.41813370054 0.770218819997 -2.20906685027
23.79903923138511 -1.44837361829 4.77722175054 0.724186809144 -2.38861087527
23.819055244195358 -1.34934911434 5.11335125258 0.674674557168 -2.55667562629
23.839071257005603 -1.24383994076 5.42490744486 0.621919970381 -2.71245372243
23.859087269815852 -1.13235313498 5.71039335239 0.56617656749 -2.85519667619
23.8791032826261 -1.01542453385 5.96843671883 0.507712266923 -2.98421835942
23.89911929543635 -0.893616034064 6.19779715166 0.446808017032 -3.09889857583
23.9191353082466 -0.767512989318 6.39737221046 0.383756494659 -3.19868610523
23.939151321056844 -0.637721454158 6.56620338797 0.318860727079 -3.28310169399
23.959167333867093 -0.504865173438 6.70347909363 0.252432586719 -3.35173954681
23.979183346677342 -0.369582620065 6.8085391728 0.184791310032 -3.4042695864
23.99919935948759 -0.232523949092 6.8808792557 0.116261974546 -3.44043962785
24.01921537229784 -0.0943478215201 6.92015154438 0.0471739107601 -3.46007577219
24.039231385108085 0.0442817649844 6.92616677958 -0.0221408824922 -3.46308338979
24.059247397918334 0.182698541736 6.8988964312 -0.091349270868 -3.4494482156
24.079263410728583 0.320237319213 6.83847159292 -0.160118659606 -3.41923579646
24.09927942353883 0.456237108741 6.74518267809 -0.22811855437 -3.37259133904
24.11929543634908 0.590044331652 6.61947801654 -0.295022165826 -3.30973900827
24.139311449159326 0.721015940747 6.46196170948 -0.360507970374 -3.23098085474
24.159327461969575 0.848522517798 6.27339074217 -0.424261258899 -3.13669537108
24.179343474779824 0.971951292834 6.05467133291 -0.485975646417 -3.02733566645
24.199359487590073 1.09070909553 5.80685457253 -0.545354547766 -2.90342728627
24.21937550040032 1.20422520169 5.53113141353 -0.602112600843 -2.76556570677
24.239391513210567 1.31195407329 5.2288268944 -0.655977036643 -2.6144134472
24.259407526020816 1.41337800992 4.90139393145 -0.706689004958 -2.45069696573
24.279423538831065 1.5080095755 4.55040600143 -0.754004787751 -2.27520300072
24.299439551641314 1.59539399589 4.17754990101 -0.797696997944 -2.08877495051
24.319455564451562 1.67511133845 3.78461753601 -0.837555669223 -1.892308768
24.339471577261808 1.74677847763 3.37349717109 -0.873389238813 -1.68674858555
24.359487590072057 1.81005091961 2.9461643885 -0.905025459806 -1.47308219425
24.379503602882306 1.86462456692 2.50467282885 -0.932312283462 -1.25233641442
24.399519615692554 1.91023747637 2.05114503386 -0.955118738187 -1.02557251693
24.419535628502803 1.94667034442 1.58776051605 -0.973335172212 -0.793880258026
24.43955164131305 1.97374794478 1.11674529653 -0.98687397239 -0.558372648265
24.459567654123298 1.99134017451 0.640363145566 -0.995670087257 -0.320181572783
24.479583666933546 1.99936252906 0.160903738845 -0.999681264532 -0.0804518694227
24.499599679743795 1.99777637316 -0.319329348236 -0.99888818658 0.159664674118
24.519615692554044 1.98658937271 -0.798027845777 -0.993294686355 0.399013922889
24.539631705364293 1.96585529388 -1.2728912091 -0.982927646939 0.636445604549
24.55964771817454 1.9356737794 -1.74163735822 -0.967836889699 0.870818679112
24.579663730984787 1.89618987475 -2.20201361013 -0.948094937375 1.10100680507
24.599679743795036 1.84759333018 -2.6518075054 -0.923796665088 1.3259037527
24.619695756605285 1.7901176815 -3.0888574843 -0.895058840749 1.54442874215
24.639711769415534 1.72403913479 -3.51106325333 -0.862019567393 1.75553162667
24.65972778222578 1.64967525489 -3.91639568979 -0.824837627443 1.95819784489
24.67974379503603 1.56738341991 -4.30290683912 -0.783691709955 2.15145341956
24.699759807846277 1.47755907026 -4.66873935476 -0.738779535131 2.33436967738
24.719775820656526 1.38063356139 -5.01213619239 -0.690316780696 2.5060680962
24.739791833466775 1.27707326445 -5.33144476384 -0.638536632227 2.66572238192
24.75980784627702 1.16737600535 -5.62512921615 -0.583688002673 2.81256460807
24.77982385908727 1.0520685484 -5.89178165403 -0.526034274199 2.94589082701
24.799839871897518 0.931705006032 -6.13011993542 -0.465852503016 3.06505996771
24.819855884707767 0.806863945053 -6.33899846265 -0.403431972527 3.16949923133
24.839871897518016 0.678145242533 -6.5174130358 -0.339072621267 3.2587065179
24.85988791032826 0.54616757554 -6.6645067793 -0.27308378777 3.33225338965
24.87990392313851 0.411565135544 -6.77957231087 -0.205782567772 3.38978615544
24.89991993594876 0.274984856227 -6.86205700392 -0.137492428113 3.43102850196
24.919935948759008 0.137083065688 -6.91156394655 -0.068541532844 3.45578197327
24.939951961569257 -0.00147747859498 -6.92785582543 0.000738739297492 3.46392791272
24.959967974379502 -0.140030913966 -6.91085378453 0.0700154569829 3.45542689227
24.97998398718975 -0.277911368903 -6.86064009164 0.138955684451 3.43032004582
25.0 -0.414456228326 -6.77745547983 0.207228114163 3.38872773992
